Score	AlignLen	totalMFE	seedMFE	totalGC	totalAU	totalGU	totalGaps	totalMismatches	seedGC	seedAT	seedGU	seedGaps	seedMismatches	Pos_1	Pos_2	Pos_3	Pos_4	Pos_5	Pos_6	Pos_7	Pos_8	Pos_9	Pos_10	Pos_11	Pos_12	Pos_13	Pos_14	Pos_15	Pos_16	Pos_17	Pos_18	Pos_19	Pos_20	Class
154.000000	17	11.70	-2.00	6	7	2	2	3	4	3	0	0	0	5	1	2	1	1	2	2	1	4	2	4	2	3	1	3	2	1	2	5	5	Target
153.000000	18	8.00	-2.00	5	9	1	1	4	4	3	0	0	0	2	1	2	1	1	2	2	1	4	2	2	1	3	5	5	5	2	2	2	5	Target
143.000000	23	8.10	-2.00	5	7	3	4	1	4	3	0	0	0	2	1	2	1	1	2	2	1	4	4	4	4	2	2	3	1	3	5	3	2	Target
152.000000	17	7.80	-2.00	6	7	2	1	4	4	3	0	0	0	2	1	2	1	1	2	2	1	5	4	1	3	5	2	1	2	3	2	5	5	Target
148.000000	19	11.14	-2.00	6	6	3	3	2	4	3	0	0	0	5	1	2	1	1	2	2	1	4	4	4	2	2	3	1	5	3	3	2	1	Target
148.000000	19	12.80	-2.00	5	6	4	0	5	4	3	0	0	0	3	1	2	1	1	2	2	1	2	5	5	5	2	5	1	5	3	2	3	3	Target
140.000000	7	6.90	 1.20	6	3	3	0	8	4	3	0	0	0	3	2	1	1	2	1	1	2	5	5	3	5	5	5	1	1	5	5	3	5	Target
148.000000	19	8.00	 1.20	4	6	7	0	3	4	3	0	0	0	2	2	1	1	2	1	1	2	5	2	3	5	5	3	3	3	2	3	3	3	Target
158.000000	19	2.70	 1.20	4	10	2	1	3	4	3	0	0	0	3	2	1	1	2	1	1	2	5	2	2	4	2	2	2	5	5	3	2	2	Target
153.000000	22	5.30	 1.20	7	6	1	4	2	4	3	0	0	0	3	2	1	1	2	1	1	2	4	4	1	2	5	5	2	2	1	1	4	4	Target
156.000000	17	5.90	 1.20	6	7	3	1	3	4	3	0	0	0	3	2	1	1	2	1	1	2	1	2	2	5	5	4	2	1	3	2	5	3	Target
147.000000	16	8.80	 1.20	6	5	4	1	4	4	3	0	0	0	3	2	1	1	2	1	1	2	1	4	2	3	5	5	2	1	3	5	3	5	Target
140.000000	13	3.50	-1.00	3	8	2	1	6	3	3	1	0	0	3	2	3	1	2	1	1	2	4	2	2	2	2	2	5	5	5	5	5	5	Target
141.000000	18	8.40	-3.40	4	9	3	1	3	3	3	1	0	0	2	2	1	1	2	3	1	2	4	2	3	5	5	2	1	3	2	2	2	5	Target
160.000000	19	7.40	 1.20	6	9	0	0	5	4	3	0	0	0	2	2	1	1	2	1	1	2	1	2	5	5	2	2	5	1	5	5	2	2	Target
154.000000	17	11.70	-2.00	6	7	2	2	3	4	3	0	0	0	5	1	2	1	1	2	2	1	4	2	4	2	3	1	3	2	1	2	5	5	Target
153.000000	18	8.50	-2.00	5	9	1	1	4	4	3	0	0	0	2	1	2	1	1	2	2	1	4	2	2	1	3	5	5	5	2	2	2	5	Target
143.000000	23	10.10	-2.00	5	7	3	4	1	4	3	0	0	0	2	1	2	1	1	2	2	1	4	4	4	4	2	2	3	1	3	5	3	2	Target
155.000000	16	7.70	 1.20	5	9	1	1	4	4	3	0	0	0	2	2	1	1	2	1	1	2	5	1	5	2	2	2	4	2	2	5	5	3	Target
146.000000	13	9.10	 1.20	5	6	1	0	8	4	3	0	0	0	5	2	1	1	2	1	1	2	5	1	5	5	2	2	5	5	3	2	5	5	Target
171.000000	20	9.70	 1.20	5	10	1	1	3	4	3	0	0	0	5	2	1	1	2	1	1	2	4	1	5	2	2	2	2	2	2	2	5	3	Target
152.000000	19	6.50	 1.20	7	8	0	3	2	4	3	0	0	0	2	2	1	1	2	1	1	2	1	4	4	4	2	5	5	2	2	2	1	1	Target
144.000000	19	6.00	-3.40	5	7	3	0	5	3	3	1	0	0	5	2	1	1	2	3	1	2	1	5	2	5	5	2	2	2	3	5	1	3	Target
143.000000	18	6.30	 1.20	4	6	4	0	6	4	3	0	0	0	3	2	1	1	2	1	1	2	5	3	5	2	5	5	2	5	2	3	3	5	Target
142.000000	9	8.50	 1.20	7	3	3	0	7	4	3	0	0	0	3	2	1	1	2	1	1	2	5	1	5	5	5	5	3	5	3	5	1	1	Target
165.000000	18	8.10	 1.20	6	9	1	1	3	4	3	0	0	0	3	2	1	1	2	1	1	2	4	1	2	2	5	2	5	2	2	2	1	5	Target
149.000000	18	6.67	 1.20	6	8	0	1	5	4	3	0	0	0	2	2	1	1	2	1	1	2	4	1	2	5	5	5	2	2	2	5	1	5	Target
146.000000	19	7.40	 1.20	6	7	2	4	1	4	3	0	0	0	5	2	1	1	2	1	1	2	1	4	4	1	3	2	4	4	2	2	3	2	Target
141.000000	20	9.20	 0.70	4	11	1	3	1	4	2	0	0	1	2	5	1	1	2	1	1	2	4	3	2	2	2	4	4	2	2	2	2	2	Target
168.000000	19	7.70	-2.00	7	8	0	0	5	4	3	0	0	0	5	1	2	1	1	2	2	1	2	2	1	5	5	2	1	2	5	2	5	1	Target
159.000000	20	11.60	-2.00	6	8	0	1	5	4	3	0	0	0	5	1	2	1	1	2	2	1	2	2	5	5	5	5	1	2	2	4	2	1	Target
157.000000	18	11.90	-2.00	6	7	4	1	2	4	3	0	0	0	2	1	2	1	1	2	2	1	4	2	3	3	2	3	1	5	2	3	1	5	Target
152.000000	11	15.80	-2.00	7	4	3	0	6	4	3	0	0	0	5	1	2	1	1	2	2	1	3	2	3	1	5	5	1	5	5	5	3	1	Target
151.000000	18	9.00	-2.00	6	6	1	0	7	4	3	0	0	0	5	1	2	1	1	2	2	1	5	5	5	5	2	2	1	3	2	5	1	5	Target
154.000000	17	8.20	 1.20	4	9	1	0	6	4	3	0	0	0	2	2	1	1	2	1	1	2	5	5	2	2	5	2	2	5	3	2	5	5	Target
144.000000	19	6.80	-3.40	4	9	3	0	4	3	3	1	0	0	2	2	1	1	2	3	1	2	5	1	2	2	5	2	5	5	2	2	3	3	Target
147.000000	22	6.40	-3.40	4	8	4	3	1	3	3	1	0	0	3	2	1	1	2	3	1	2	1	3	2	2	4	4	4	2	2	5	2	3	Target
141.000000	15	9.70	 0.70	5	8	1	0	6	4	2	0	0	1	2	5	1	1	2	1	1	2	1	5	2	5	2	2	5	2	2	5	3	5	Target
144.000000	19	11.20	-1.70	6	7	3	0	4	4	2	1	0	0	2	1	2	1	1	3	2	1	2	5	5	3	3	5	5	2	2	2	1	1	Target
142.000000	9	8.42	 1.20	5	5	1	0	9	4	3	0	0	0	2	2	1	1	2	1	1	2	5	1	5	5	5	5	2	5	5	3	5	5	Target
140.000000	7	12.60	 1.20	4	6	4	0	6	4	3	0	0	0	2	2	1	1	2	1	1	2	5	3	3	5	5	5	5	2	2	3	5	3	Target
146.000000	20	10.30	 1.20	6	5	4	2	3	4	3	0	0	0	3	2	1	1	2	1	1	2	4	4	1	1	3	2	5	5	5	2	3	3	Target
162.000000	19	11.40	 1.20	7	7	3	1	2	4	3	0	0	0	3	2	1	1	2	1	1	2	4	1	3	5	2	2	3	2	2	5	1	1	Target
158.000000	17	6.70	 1.20	4	8	3	0	5	4	3	0	0	0	3	2	1	1	2	1	1	2	5	3	2	5	2	2	2	5	2	3	5	5	Target
151.000000	10	9.24	 1.20	6	6	2	0	6	4	3	0	0	0	3	2	1	1	2	1	1	2	1	3	2	5	5	5	2	5	5	2	1	5	Target
161.000000	21	4.00	-2.00	6	9	1	3	1	4	3	0	0	0	2	1	2	1	1	2	2	1	1	4	4	2	5	3	2	2	1	2	4	2	Target
161.000000	18	8.40	-2.00	7	8	1	1	3	4	3	0	0	0	2	1	2	1	1	2	2	1	1	4	1	1	2	2	3	5	5	2	2	5	Target
154.000000	18	10.00	-2.00	8	6	0	4	2	4	3	0	0	0	5	1	2	1	1	2	2	1	1	4	4	4	4	2	1	1	2	2	1	5	Target
152.000000	11	13.60	-2.00	6	5	2	0	7	4	3	0	0	0	2	1	2	1	1	2	2	1	1	2	3	3	5	5	1	5	5	5	5	5	Target
145.000000	18	6.70	-2.00	5	8	3	1	3	3	3	1	0	0	3	3	2	1	1	2	2	1	1	5	1	5	2	2	3	2	4	2	2	5	Target
140.000000	7	8.70	-2.00	5	4	1	4	6	4	3	0	0	0	2	1	2	1	1	2	2	1	5	5	5	1	3	5	5	5	4	4	4	4	Target
145.000000	8	10.70	 1.20	6	4	1	0	9	4	3	0	0	0	3	2	1	1	2	1	1	2	1	5	5	5	5	5	2	5	5	5	5	1	Target
160.000000	20	5.10	-3.00	8	8	0	3	1	3	4	0	0	0	1	2	2	2	1	2	1	1	2	4	2	1	4	4	2	1	1	2	5	1	Target
166.000000	20	-3.50	-3.00	8	8	0	2	2	3	4	0	0	0	1	2	2	2	1	2	1	1	2	2	2	4	4	1	2	5	1	5	1	1	Target
164.000000	21	6.10	-3.00	7	7	1	1	4	3	4	0	0	0	5	2	2	2	1	2	1	1	5	3	5	1	2	1	4	2	1	1	2	5	Target
145.000000	12	5.20	-0.60	3	8	4	0	5	2	4	1	0	0	5	2	2	2	3	2	1	1	3	2	2	1	2	5	3	5	5	2	3	5	Target
161.000000	19	5.30	-3.00	9	6	2	2	1	3	4	0	0	0	1	2	2	2	1	2	1	1	2	4	4	1	5	1	3	1	1	2	1	3	Target
147.000000	24	-7.00	 0.30	4	7	1	4	4	2	5	0	0	0	5	2	1	2	2	2	1	2	2	5	5	4	4	4	1	2	4	3	5	1	Target
181.000000	22	10.80	-3.50	6	10	1	0	3	3	4	0	0	0	5	2	2	1	1	1	2	2	2	1	1	3	2	1	2	2	5	2	5	2	Target
164.000000	24	9.20	-3.50	7	7	0	3	3	3	4	0	0	0	5	2	2	1	1	1	2	2	2	1	1	5	5	1	4	4	2	2	1	4	Target
159.000000	14	12.70	-3.50	5	7	2	0	6	3	4	0	0	0	2	2	2	1	1	1	2	2	3	3	1	5	2	1	2	5	5	5	5	5	Target
160.000000	15	8.50	-3.50	5	8	1	0	6	3	4	0	0	0	2	2	2	1	1	1	2	2	5	1	5	3	2	1	2	2	5	5	5	5	Target
154.000000	19	6.50	-3.50	4	10	2	1	3	3	4	0	0	0	2	2	2	1	1	1	2	2	5	3	3	4	2	1	2	2	5	2	5	2	Target
145.000000	18	6.90	-6.90	8	4	1	1	6	5	2	0	0	0	5	2	1	2	1	1	1	1	4	2	5	5	2	5	1	3	1	5	1	5	Target
160.000000	19	9.70	-2.00	7	7	0	0	6	4	3	0	0	0	5	1	2	1	1	2	2	1	5	2	1	5	5	2	1	2	5	2	5	1	Target
158.000000	19	10.50	-2.00	7	7	1	1	4	4	3	0	0	0	5	1	2	1	1	2	2	1	1	5	5	5	2	2	1	3	2	4	2	1	Target
153.000000	19	8.60	-2.00	6	8	0	2	4	4	3	0	0	0	5	1	2	1	1	2	2	1	5	2	4	4	2	2	1	5	5	2	2	1	Target
152.000000	17	10.20	-2.00	5	7	4	1	3	4	3	0	0	0	2	1	2	1	1	2	2	1	3	2	3	4	2	3	1	5	2	3	5	5	Target
148.000000	11	17.20	-2.00	7	5	1	0	7	4	3	0	0	0	5	1	2	1	1	2	2	1	5	2	3	1	5	5	1	5	5	5	2	1	Target
146.000000	19	8.50	-2.00	7	7	3	1	2	3	3	1	0	0	2	1	2	1	1	2	2	3	1	5	1	1	2	4	3	2	5	3	2	1	Target
141.000000	10	6.90	-6.90	6	3	1	1	9	5	2	0	0	0	5	2	1	2	1	1	1	1	4	2	1	5	5	5	5	3	5	5	5	5	Target
146.000000	9	6.90	-6.90	6	4	1	0	9	5	2	0	0	0	5	2	1	2	1	1	1	1	3	2	5	5	5	5	1	2	5	5	5	5	Target
153.000000	24	3.60	-2.80	4	9	1	4	2	3	4	0	0	0	5	2	2	1	2	1	2	1	2	5	4	2	1	3	2	4	4	4	2	2	Target
153.000000	16	11.80	-2.80	4	9	2	0	5	3	4	0	0	0	2	2	2	1	2	1	2	1	5	5	2	3	3	2	2	5	1	5	5	2	Target
152.000000	19	6.70	-2.80	4	10	2	3	1	3	4	0	0	0	2	2	2	1	2	1	2	1	2	4	4	4	3	3	2	2	5	1	2	2	Target
150.000000	23	7.50	-2.80	6	9	0	4	1	3	4	0	0	0	2	2	2	1	2	1	2	1	5	4	4	1	2	1	1	2	4	4	2	2	Target
148.000000	13	6.80	-2.80	5	7	0	1	7	3	4	0	0	0	2	2	2	1	2	1	2	1	2	5	4	2	1	1	5	5	5	5	5	5	Target
147.000000	14	7.00	-2.80	3	8	3	0	6	3	4	0	0	0	2	2	2	1	2	1	2	1	2	5	3	3	3	5	2	5	5	5	5	2	Target
141.000000	14	5.70	-2.80	4	6	1	1	8	3	4	0	0	0	5	2	2	1	2	1	2	1	5	5	2	4	3	1	2	5	5	5	5	5	Target
158.000000	20	1.00	 1.30	4	10	2	2	2	2	5	0	0	0	2	2	2	2	2	1	2	1	5	1	5	3	3	4	4	2	2	2	2	1	Target
153.000000	20	7.50	 1.30	6	8	0	2	4	2	5	0	0	0	5	2	2	2	2	1	2	1	5	4	1	2	1	1	4	2	5	2	1	5	Target
149.000000	20	7.20	 1.30	4	9	0	3	4	2	5	0	0	0	5	2	2	2	2	1	2	1	5	5	4	4	4	2	1	1	2	2	5	2	Target
149.000000	20	6.10	 1.30	4	10	0	3	3	2	5	0	0	0	2	2	2	2	2	1	2	1	4	4	4	1	5	2	5	1	2	2	5	2	Target
148.000000	13	6.00	 1.30	5	7	1	1	6	2	5	0	0	0	2	2	2	2	2	1	2	1	5	1	4	2	1	1	5	5	5	3	5	5	Target
145.000000	18	3.20	 1.30	4	9	3	1	3	1	5	1	0	0	3	2	2	2	2	1	2	3	1	4	2	1	1	5	2	2	5	3	2	5	Target
143.000000	14	4.40	 1.30	3	8	2	0	7	2	5	0	0	0	2	2	2	2	2	1	2	1	5	5	3	3	5	2	2	5	5	1	5	5	Target
165.000000	18	4.50	 1.30	7	9	0	1	3	2	5	0	0	0	2	2	2	2	2	1	2	1	1	1	5	1	1	2	5	4	2	1	2	5	Target
164.000000	19	5.20	 1.30	4	11	1	0	4	2	5	0	0	0	2	2	2	2	2	1	2	1	5	5	5	1	1	2	2	2	5	3	2	2	Target
157.000000	18	4.40	 1.30	3	10	2	1	4	2	5	0	0	0	5	2	2	2	2	1	2	1	5	4	2	3	3	2	5	2	2	1	2	5	Target
147.000000	16	6.80	-0.60	5	9	1	1	4	2	4	1	0	0	5	2	2	3	2	1	2	1	5	4	1	2	1	1	2	2	2	5	5	2	Target
146.000000	13	8.50	-0.60	5	7	1	0	7	2	4	1	0	0	2	2	2	3	2	1	2	1	5	1	2	1	1	2	5	5	5	5	5	5	Target
146.000000	17	7.60	 1.30	4	8	2	3	3	2	5	0	0	0	5	2	2	2	2	1	2	1	4	4	4	3	1	5	2	2	2	1	5	3	Target
143.000000	16	1.00	 1.30	3	9	2	1	5	2	5	0	0	0	2	2	2	2	2	1	2	1	5	5	5	3	1	4	2	2	2	5	3	5	Target
142.000000	21	8.10	-0.60	5	7	3	2	3	2	4	1	0	0	5	2	2	3	2	1	2	1	5	4	1	2	1	1	2	5	2	4	3	3	Target
140.000000	7	-3.60	 1.30	3	8	0	0	9	2	5	0	0	0	5	2	2	2	2	1	2	1	5	5	5	5	1	5	2	5	2	5	2	5	Target
171.000000	20	7.10	 1.30	7	9	1	1	2	2	5	0	0	0	2	2	2	2	2	1	2	1	1	1	3	1	1	2	5	4	2	1	2	5	Target
168.000000	19	8.80	 1.30	4	11	2	0	3	2	5	0	0	0	2	2	2	2	2	1	2	1	5	5	3	1	1	2	2	2	5	3	2	2	Target
160.000000	20	4.60	 1.30	3	11	1	4	1	2	5	0	0	0	5	2	2	2	2	1	2	1	4	4	4	4	3	2	2	2	2	1	2	2	Target
151.000000	23	8.40	 1.30	3	9	3	3	2	2	5	0	0	0	2	2	2	2	2	1	2	1	5	5	3	3	1	4	2	2	2	4	4	3	Target
147.000000	18	4.90	 1.30	4	8	0	0	8	2	5	0	0	0	5	2	2	2	2	1	2	1	5	5	1	5	1	5	2	5	2	5	2	5	Target
146.000000	17	-5.70	 1.30	4	8	2	3	3	2	5	0	0	0	5	2	2	2	2	1	2	1	4	4	4	3	1	5	2	2	2	1	5	3	Target
144.000000	22	5.40	 0.30	4	7	4	2	3	2	4	1	0	0	3	2	2	2	2	1	3	1	5	5	1	3	3	2	4	4	2	2	5	1	Target
143.000000	20	9.02	-0.60	6	8	1	1	4	2	4	1	0	0	2	2	2	3	2	1	2	1	5	1	5	1	1	2	5	4	2	1	5	2	Target
140.000000	22	15.30	-0.60	5	5	4	2	4	2	4	1	0	0	5	2	2	3	2	1	2	1	4	4	1	5	1	1	5	3	2	5	3	3	Target
172.000000	15	4.30	-2.00	7	8	0	0	5	4	3	0	0	0	5	1	2	1	1	2	2	1	2	2	1	2	5	2	1	2	5	5	5	1	Target
161.000000	16	5.20	-2.00	6	8	0	0	6	4	3	0	0	0	5	1	2	1	1	2	2	1	2	2	5	2	5	5	1	2	2	5	5	1	Target
158.000000	19	4.60	-2.00	6	8	1	1	4	4	3	0	0	0	5	1	2	1	1	2	2	1	5	5	5	2	2	2	1	3	2	4	2	1	Target
152.000000	17	3.80	-2.00	6	7	2	1	4	4	3	0	0	0	2	1	2	1	1	2	2	1	5	2	3	2	3	4	1	5	2	1	5	5	Target
147.000000	10	10.00	-2.00	6	5	2	0	7	4	3	0	0	0	5	1	2	1	1	2	2	1	3	2	3	5	5	5	1	5	5	5	2	1	Target
140.000000	15	7.40	 1.40	4	7	3	0	6	1	5	1	0	0	1	2	1	2	2	2	2	3	5	2	3	5	3	1	2	1	5	5	5	5	Target
155.000000	10	4.20	 1.40	3	8	0	0	9	2	5	0	0	0	5	2	1	2	2	2	2	1	2	2	2	5	5	5	5	5	1	5	5	5	Target
153.000000	19	5.30	-3.90	7	8	0	2	3	3	4	0	0	0	2	1	1	2	2	1	2	2	2	5	1	2	4	4	1	1	5	5	2	1	Target
152.000000	19	12.20	-3.90	7	6	2	0	5	3	4	0	0	0	2	1	1	2	2	1	2	2	2	5	1	5	5	1	5	1	5	3	3	1	Target
140.000000	7	6.80	-3.90	3	7	1	0	9	3	4	0	0	0	2	1	1	2	2	1	2	2	5	5	5	2	5	5	3	5	5	5	2	5	Target
159.000000	20	11.10	-0.50	4	10	2	1	3	3	4	0	0	0	2	1	1	2	2	2	1	2	4	2	2	3	5	2	2	3	2	5	5	1	Target
140.000000	7	11.10	-0.50	4	5	4	0	7	3	4	0	0	0	2	1	1	2	2	2	1	2	5	5	5	3	5	5	3	5	1	5	3	3	Target
157.000000	16	8.70	 1.30	3	10	2	0	5	2	5	0	0	0	2	2	1	1	2	2	2	2	5	2	1	2	5	2	3	5	2	5	3	5	Target
140.000000	19	6.40	-1.20	6	6	3	0	5	2	4	1	0	0	3	2	1	1	2	3	2	2	1	5	5	5	1	5	1	5	2	1	3	2	Target
147.000000	20	4.90	 1.30	5	10	1	3	1	2	5	0	0	0	2	2	1	1	2	2	2	2	4	1	5	1	2	4	2	3	2	4	1	2	Target
143.000000	18	2.20	 1.30	5	9	1	2	3	2	4	1	0	0	5	2	1	1	2	2	2	3	4	2	5	2	1	2	1	4	2	2	1	5	Target
166.000000	20	5.00	-2.00	6	9	2	2	1	4	3	0	0	0	2	1	2	1	1	2	2	1	2	4	4	2	5	2	2	3	1	3	2	1	Target
164.000000	19	4.50	-2.00	7	7	3	0	3	4	3	0	0	0	2	1	2	1	1	2	2	1	2	5	3	3	2	5	1	3	2	1	5	1	Target
155.000000	16	4.30	-2.00	4	9	4	1	2	4	3	0	0	0	2	1	2	1	1	2	2	1	2	4	2	3	2	3	3	3	2	5	5	2	Target
142.000000	11	4.30	-2.00	4	6	3	1	6	4	3	0	0	0	5	1	2	1	1	2	2	1	4	2	2	3	5	5	3	3	5	2	5	5	Target
168.000000	19	4.80	 1.30	4	11	2	0	3	2	5	0	0	0	2	2	1	1	2	2	2	2	1	2	5	5	1	5	3	2	2	3	2	2	Target
147.000000	21	6.70	-1.20	6	7	1	2	4	2	4	1	0	0	5	2	1	1	2	3	2	2	1	5	4	4	1	2	1	2	1	5	2	5	Target
153.000000	20	4.50	 1.30	3	11	2	2	2	2	5	0	0	0	2	2	1	1	2	2	2	2	1	4	2	3	2	5	2	3	4	2	2	5	Target
149.000000	18	1.80	 1.30	3	10	2	1	4	2	5	0	0	0	2	2	1	1	2	2	2	2	5	2	3	2	5	4	2	3	2	5	1	5	Target
154.000000	20	2.24	 1.30	3	9	3	2	3	2	5	0	0	0	5	2	1	1	2	2	2	2	5	2	3	2	1	5	3	4	4	2	2	3	Target
140.000000	7	1.20	 1.30	2	8	0	0	10	2	5	0	0	0	5	2	1	1	2	2	2	2	5	5	5	5	5	5	5	5	2	5	2	2	Target
147.000000	14	4.90	 1.30	5	7	1	0	7	2	5	0	0	0	2	2	1	1	2	2	2	2	5	5	3	2	1	5	1	5	5	1	5	5	Target
140.000000	19	2.40	 1.30	4	10	1	2	3	2	4	1	0	0	5	2	1	1	2	2	2	3	4	2	1	5	1	2	4	2	2	5	2	2	Target
140.000000	19	1.90	 1.50	1	10	4	0	5	1	5	1	0	0	5	2	3	1	2	2	2	2	5	2	3	2	5	3	3	5	2	5	2	2	Target
140.000000	18	-7.50	 0.80	3	9	2	0	6	2	4	0	0	1	5	5	1	1	2	2	2	2	1	2	5	2	5	5	3	2	2	3	5	2	Target
140.000000	7	-6.80	 1.30	4	6	1	0	9	2	5	0	0	0	3	2	1	1	2	2	2	2	5	5	1	5	5	5	1	5	2	5	5	5	Target
148.000000	19	4.70	 1.30	4	9	1	0	6	2	5	0	0	0	2	2	1	1	2	2	2	2	5	5	5	5	1	2	5	5	2	1	2	3	Target
147.000000	12	3.70	 1.30	3	8	3	1	5	2	5	0	0	0	3	2	1	1	2	2	2	2	4	1	2	3	2	5	5	5	2	5	3	5	Target
146.000000	19	2.60	 1.30	4	9	3	1	3	2	4	1	0	0	5	2	1	1	2	2	2	3	1	2	3	4	2	5	5	3	2	2	1	2	Target
141.000000	21	6.60	 1.30	5	8	1	3	3	2	4	1	0	0	5	2	1	1	2	2	2	3	1	4	2	1	4	4	2	1	2	5	5	2	Target
140.000000	7	6.40	 1.30	3	7	1	0	9	2	5	0	0	0	5	2	1	1	2	2	2	2	5	5	1	5	5	5	5	5	2	3	2	5	Target
168.000000	19	7.90	 1.30	4	10	4	0	2	2	5	0	0	0	2	2	1	1	2	2	2	2	1	5	3	2	1	3	3	2	3	5	2	2	Target
153.000000	16	15.50	 1.30	3	9	3	0	5	2	5	0	0	0	2	2	1	1	2	2	2	2	5	5	3	2	1	3	5	2	2	5	3	5	Target
153.000000	20	5.60	-0.40	5	9	1	3	2	3	4	0	0	0	2	2	1	2	1	2	2	1	2	4	4	4	1	2	3	5	5	2	2	1	Target
149.000000	14	9.00	-0.40	3	8	4	1	4	3	4	0	0	0	2	2	1	2	1	2	2	1	4	3	2	3	2	3	2	5	5	5	3	5	Target
146.000000	17	11.00	-6.20	9	5	1	2	3	4	3	0	0	0	1	2	1	2	1	1	1	2	4	2	1	4	1	2	5	5	1	1	5	3	Target
166.000000	20	7.80	-1.60	7	7	4	2	0	3	4	0	0	0	3	2	2	1	2	1	2	1	3	1	4	4	1	2	3	2	1	2	1	3	Target
142.000000	9	7.10	-1.50	5	6	1	0	8	5	2	0	0	0	2	1	2	1	1	2	1	1	5	2	5	5	3	5	5	2	5	5	5	2	Target
158.000000	13	5.50	-4.50	5	8	1	0	6	3	4	0	0	0	2	2	1	2	1	1	2	2	1	5	2	1	3	2	5	5	5	5	2	5	Target
162.000000	17	9.60	-3.60	5	9	1	0	5	5	2	0	0	0	2	2	1	1	2	1	1	1	2	5	2	2	5	2	5	3	2	2	5	5	Target
157.000000	19	8.30	-3.60	6	8	1	2	3	5	2	0	0	0	5	2	1	1	2	1	1	1	4	4	3	2	1	2	2	5	2	2	5	2	Target
166.000000	17	11.40	-3.60	6	10	1	0	3	4	2	1	0	0	2	2	3	1	2	1	1	1	2	5	2	2	1	2	2	1	2	2	5	5	Target
153.000000	12	9.62	-3.60	8	4	1	0	7	5	2	0	0	0	5	2	1	1	2	1	1	1	2	3	5	2	1	5	5	1	5	5	1	5	Target
143.000000	22	11.10	-3.60	6	9	0	3	2	4	2	0	0	1	2	2	5	1	2	1	1	1	2	5	2	2	1	2	2	1	4	4	4	2	Target
142.000000	9	10.20	-3.60	8	2	0	0	10	5	2	0	0	0	5	2	1	1	2	1	1	1	5	1	5	5	1	5	5	5	5	5	1	5	Target
141.000000	10	10.90	-3.60	7	5	0	1	7	5	2	0	0	0	2	2	1	1	2	1	1	1	4	2	1	5	5	5	5	2	5	5	5	1	Target
146.000000	11	7.30	-2.50	4	6	1	1	8	3	4	0	0	0	5	1	1	2	2	1	2	2	2	4	2	1	5	3	5	5	5	5	5	5	Target
145.000000	19	10.90	-2.50	5	9	0	0	6	2	4	0	0	1	2	5	1	2	2	1	2	2	2	5	2	1	2	5	1	5	5	5	1	2	Target
141.000000	20	7.20	-2.50	4	4	6	0	6	3	4	0	0	0	5	1	1	2	2	1	2	2	5	3	5	5	5	5	1	3	3	3	3	3	Target
148.000000	15	11.50	-2.50	5	5	2	0	8	3	4	0	0	0	5	1	1	2	2	1	2	2	3	5	5	5	3	1	1	2	5	5	5	5	Target
140.000000	7	7.20	-2.50	4	4	4	0	8	3	4	0	0	0	5	1	1	2	2	1	2	2	5	3	5	5	5	1	5	5	3	3	3	5	Target
149.000000	16	6.00	-2.50	3	8	2	0	7	3	4	0	0	0	5	1	1	2	2	1	2	2	5	2	5	3	5	2	2	5	2	5	3	5	Target
144.000000	15	5.80	-2.50	5	5	3	0	7	3	4	0	0	0	5	1	1	2	2	1	2	2	5	5	1	3	5	2	5	1	5	3	3	5	Target
154.000000	20	10.10	-2.50	6	6	3	2	3	3	4	0	0	0	5	1	1	2	2	1	2	2	1	3	3	4	4	1	1	2	5	5	2	3	Target
146.000000	19	6.30	-2.20	6	7	5	1	1	3	3	1	0	0	2	1	1	3	2	1	2	2	5	3	3	1	1	2	2	4	1	2	3	3	Target
140.000000	7	5.80	-2.50	3	4	5	0	8	3	4	0	0	0	5	1	1	2	2	1	2	2	5	5	3	3	5	5	5	5	5	3	3	3	Target
158.000000	17	4.80	-0.40	4	11	0	0	5	3	4	0	0	0	2	2	1	2	1	2	2	1	2	5	2	1	5	5	2	2	5	2	5	2	Target
154.000000	19	6.80	-0.40	7	7	1	1	4	3	4	0	0	0	3	2	1	2	1	2	2	1	2	4	1	5	1	5	2	5	5	1	2	1	Target
163.000000	19	3.80	 1.30	6	11	0	3	0	3	4	0	0	0	2	1	2	1	2	1	2	2	2	4	4	1	2	1	2	2	2	4	2	1	Target
157.000000	19	12.50	-4.80	9	5	1	2	3	5	2	0	0	0	5	1	1	1	2	1	2	1	5	2	4	4	1	1	2	3	1	5	2	1	Target
146.000000	13	6.80	-4.80	9	2	1	0	8	5	2	0	0	0	3	1	1	1	2	1	2	1	5	5	1	5	1	1	5	5	1	5	5	5	Target
143.000000	21	5.50	-4.80	8	5	0	4	3	5	2	0	0	0	5	1	1	1	2	1	2	1	5	4	2	5	2	4	4	1	1	2	1	4	Target
142.000000	21	4.80	-3.90	10	3	1	2	4	5	1	1	0	0	5	1	1	1	3	1	2	1	5	2	1	5	1	1	4	2	4	1	1	5	Target
140.000000	17	5.70	-4.80	7	5	2	1	5	4	2	1	0	0	5	3	1	1	2	1	2	1	5	4	1	2	1	5	2	1	3	2	5	5	Target
140.000000	7	6.10	-4.80	6	2	2	0	10	5	2	0	0	0	3	1	1	1	2	1	2	1	5	3	5	5	5	5	5	5	5	5	5	1	Target
142.000000	22	3.00	-3.00	7	8	0	4	1	3	3	0	0	1	2	2	1	2	1	2	1	5	4	4	4	4	1	1	1	2	2	2	1	2	Target
141.000000	11	8.80	-2.30	7	5	3	0	5	3	3	0	0	1	2	5	1	2	1	2	1	2	1	1	1	3	2	5	5	5	3	1	5	3	Target
141.000000	18	7.00	-1.70	6	7	3	1	3	4	2	1	0	0	2	1	2	1	1	3	2	1	5	2	1	3	4	2	2	1	3	5	2	5	Target
141.000000	18	7.00	-1.70	6	7	3	1	3	4	2	1	0	0	2	1	2	1	1	3	2	1	5	2	1	3	4	2	2	1	3	5	2	5	Target
140.000000	19	7.00	-1.70	6	7	2	0	5	4	2	1	0	0	2	1	2	1	1	3	2	1	5	2	1	3	5	2	5	2	5	2	5	1	Target
146.000000	19	4.90	-3.70	5	8	2	1	4	4	3	0	0	0	2	2	1	1	2	1	1	2	5	4	2	3	2	5	2	5	5	3	1	2	Target
170.000000	19	4.90	-3.70	8	8	0	1	3	4	3	0	0	0	5	2	1	1	2	1	1	2	2	5	4	2	1	2	2	5	2	1	1	1	Target
141.000000	19	6.30	-3.70	7	5	2	2	4	4	3	0	0	0	3	2	1	1	2	1	1	2	5	4	4	1	2	5	5	3	1	5	1	2	Target
143.000000	15	5.00	-3.70	5	8	1	1	5	4	2	0	0	1	3	5	1	1	2	1	1	2	2	1	4	2	5	2	2	2	2	5	5	5	Target
151.000000	20	4.90	-3.70	5	9	1	1	4	4	3	0	0	0	2	2	1	1	2	1	1	2	5	2	5	3	5	2	2	5	4	2	1	2	Target
170.000000	19	5.00	-3.70	7	9	0	1	3	4	3	0	0	0	5	2	1	1	2	1	1	2	2	2	4	2	1	2	2	5	2	1	5	1	Target
142.000000	20	4.90	-3.70	7	5	2	2	4	4	3	0	0	0	3	2	1	1	2	1	1	2	5	4	4	1	2	5	5	3	1	5	1	2	Target
151.000000	20	5.50	-3.70	5	9	1	1	4	4	3	0	0	0	2	2	1	1	2	1	1	2	2	5	4	2	5	2	5	2	3	5	2	1	Target
145.000000	19	4.90	-3.70	6	7	0	0	7	4	2	0	0	1	5	5	1	1	2	1	1	2	5	5	5	1	2	2	2	2	5	2	1	5	Target
177.000000	20	9.80	-3.70	6	10	1	0	3	4	3	0	0	0	2	2	1	1	2	1	1	2	2	5	2	1	2	5	2	3	1	2	5	2	Target
147.000000	14	5.30	-3.70	5	7	1	0	7	4	3	0	0	0	2	2	1	1	2	1	1	2	5	2	5	3	5	2	2	5	5	1	5	5	Target
178.000000	19	5.00	-3.70	8	9	0	1	2	4	3	0	0	0	5	2	1	1	2	1	1	2	2	2	4	2	1	2	2	5	2	1	1	1	Target
141.000000	19	5.80	-3.70	7	5	2	2	4	4	3	0	0	0	3	2	1	1	2	1	1	2	5	4	4	1	2	5	5	3	1	5	1	2	Target
167.000000	18	7.90	-3.70	5	9	1	0	5	4	3	0	0	0	5	2	1	1	2	1	1	2	5	2	2	5	2	2	2	2	5	3	1	5	Target
159.000000	20	5.10	-3.70	5	9	2	1	3	4	3	0	0	0	2	2	1	1	2	1	1	2	2	5	5	3	2	2	2	4	2	1	3	5	Target
158.000000	17	-6.20	-3.70	5	7	2	0	6	4	3	0	0	0	5	2	1	1	2	1	1	2	2	2	3	5	5	2	2	5	1	3	5	5	Target
153.000000	19	5.10	-3.70	6	9	1	2	2	3	3	1	0	0	5	2	3	1	2	1	1	2	2	2	4	4	2	2	2	5	1	1	1	2	Target
142.000000	9	9.00	-3.70	5	4	4	0	7	4	3	0	0	0	5	2	1	1	2	1	1	2	3	3	5	5	2	5	5	3	5	1	5	3	Target
142.000000	19	8.90	-3.70	5	7	4	1	3	3	3	1	0	0	5	2	3	1	2	1	1	2	3	2	5	1	4	2	2	2	5	1	3	3	Target
140.000000	7	7.00	-3.00	4	5	3	0	8	3	4	0	0	0	5	2	2	2	1	2	1	1	5	3	5	5	5	1	5	3	5	2	5	3	Target
149.000000	19	5.00	-3.70	5	9	1	2	3	4	3	0	0	0	2	2	1	1	2	1	1	2	5	2	4	4	2	5	2	2	5	1	3	2	Target
162.000000	19	-7.10	-3.70	8	6	2	1	3	4	3	0	0	0	5	2	1	1	2	1	1	2	2	2	5	1	5	2	4	3	1	1	1	3	Target
158.000000	19	6.90	-3.70	7	6	3	1	3	4	3	0	0	0	5	2	1	1	2	1	1	2	5	5	4	1	2	2	2	3	1	3	1	3	Target
155.000000	17	10.30	-3.70	7	7	1	0	5	4	2	0	0	1	5	5	1	1	2	1	1	2	2	2	2	1	2	2	5	3	5	1	1	5	Target
155.000000	16	5.00	-3.70	5	9	0	1	5	4	3	0	0	0	2	2	1	1	2	1	1	2	2	2	5	4	1	2	5	2	2	5	5	5	Target
150.000000	19	4.90	-3.70	7	5	3	1	4	4	3	0	0	0	5	2	1	1	2	1	1	2	5	5	4	1	2	2	5	3	1	3	1	3	Target
149.000000	19	5.60	-3.70	5	9	1	2	3	4	3	0	0	0	2	2	1	1	2	1	1	2	2	3	4	4	2	2	5	2	5	1	5	2	Target
149.000000	19	5.10	-3.70	5	9	1	2	3	4	3	0	0	0	2	2	1	1	2	1	1	2	2	4	4	3	2	5	2	2	5	5	1	2	Target
146.000000	9	7.40	-3.70	4	4	2	0	10	4	3	0	0	0	5	2	1	1	2	1	1	2	2	3	5	5	5	5	5	3	5	5	5	5	Target
146.000000	17	12.60	-3.70	6	5	1	0	8	4	3	0	0	0	5	2	1	1	2	1	1	2	5	2	5	5	5	2	5	3	1	1	5	5	Target
144.000000	11	8.10	-3.70	7	4	2	0	7	4	3	0	0	0	3	2	1	1	2	1	1	2	5	5	2	1	5	5	5	3	5	1	1	5	Target
143.000000	18	6.10	-3.70	7	5	1	0	7	4	3	0	0	0	2	2	1	1	2	1	1	2	5	5	5	1	2	5	5	3	5	1	1	5	Target
143.000000	18	14.70	-3.70	6	5	2	0	7	4	3	0	0	0	3	2	1	1	2	1	1	2	5	5	2	5	5	2	5	3	5	1	1	5	Target
141.000000	8	10.60	-3.70	5	3	3	0	9	4	3	0	0	0	5	2	1	1	2	1	1	2	3	5	3	5	5	5	5	3	5	1	5	5	Target
140.000000	7	6.30	-3.70	7	4	1	0	8	4	3	0	0	0	2	2	1	1	2	1	1	2	5	5	5	1	5	5	5	3	5	1	1	5	Target
140.000000	7	7.20	-3.70	6	3	2	0	9	4	3	0	0	0	5	2	1	1	2	1	1	2	5	3	5	5	5	5	5	3	1	5	1	5	Target
140.000000	7	7.80	-3.70	6	3	2	0	9	4	3	0	0	0	5	2	1	1	2	1	1	2	5	3	5	1	5	5	5	3	5	1	5	5	Target
143.000000	12	6.20	-3.70	5	7	1	1	6	4	3	0	0	0	2	2	1	1	2	1	1	2	5	2	4	2	1	5	5	2	5	5	5	3	Target
141.000000	8	9.40	-3.70	4	3	1	0	12	4	3	0	0	0	5	2	1	1	2	1	1	2	3	5	5	5	5	5	5	5	5	5	5	5	Target
154.000000	22	-7.20	-3.70	5	10	0	3	2	4	3	0	0	0	2	2	1	1	2	1	1	2	2	4	2	2	1	4	4	2	5	2	2	5	Target
162.000000	19	7.40	-3.70	7	7	3	1	2	4	3	0	0	0	3	2	1	1	2	1	1	2	5	5	4	1	2	2	2	3	1	3	1	2	Target
154.000000	20	5.00	-3.70	5	8	1	2	4	4	3	0	0	0	5	2	1	1	2	1	1	2	2	2	4	4	2	5	5	5	2	2	1	3	Target
153.000000	16	7.00	-3.70	5	7	3	0	5	4	3	0	0	0	2	2	1	1	2	1	1	2	2	3	5	3	5	2	5	2	1	5	5	3	Target
152.000000	19	10.10	-3.70	6	5	5	0	4	4	3	0	0	0	3	2	1	1	2	1	1	2	5	3	3	3	5	2	5	3	5	1	1	2	Target
151.000000	18	10.90	-3.70	6	5	4	0	5	4	3	0	0	0	3	2	1	1	2	1	1	2	3	2	3	5	5	2	5	3	5	1	1	5	Target
151.000000	10	6.30	-3.70	6	5	2	0	7	4	3	0	0	0	5	2	1	1	2	1	1	2	2	3	2	5	5	5	5	3	5	1	1	5	Target
150.000000	19	9.20	-3.70	6	5	5	1	3	4	3	0	0	0	5	2	1	1	2	1	1	2	5	3	4	3	2	5	2	3	1	3	1	3	Target
150.000000	21	8.00	-3.70	6	8	1	2	3	4	3	0	0	0	2	2	1	1	2	1	1	2	5	4	2	2	1	2	5	4	2	5	1	3	Target
149.000000	20	7.40	-3.70	7	5	4	2	2	4	3	0	0	0	3	2	1	1	2	1	1	2	5	3	4	3	2	5	2	3	1	4	1	1	Target
147.000000	16	8.70	-3.70	6	5	4	1	4	4	3	0	0	0	3	2	1	1	2	1	1	2	3	3	4	1	2	5	5	2	1	5	3	5	Target
146.000000	19	8.80	-3.70	7	4	5	1	3	4	3	0	0	0	3	2	1	1	2	1	1	2	5	3	5	1	5	2	4	3	1	3	1	3	Target
146.000000	19	7.00	-3.70	6	5	5	1	3	4	3	0	0	0	3	2	1	1	2	1	1	2	5	3	5	1	5	2	4	3	1	3	3	2	Target
142.000000	19	11.80	-3.70	8	4	2	1	5	4	3	0	0	0	3	2	1	1	2	1	1	2	5	5	5	1	5	2	5	3	4	1	1	1	Target
142.000000	13	10.30	-3.70	5	4	4	0	7	4	3	0	0	0	3	2	1	1	2	1	1	2	5	3	5	1	5	2	5	3	5	3	5	5	Target
141.000000	17	6.04	-3.70	6	6	1	3	4	4	3	0	0	0	5	2	1	1	2	1	1	2	5	4	4	1	2	2	4	2	3	1	5	5	Target
140.000000	7	7.30	-3.70	7	3	3	0	7	4	3	0	0	0	3	2	1	1	2	1	1	2	5	3	5	1	5	5	5	3	5	1	1	5	Target
140.000000	7	15.80	-3.70	6	4	2	0	8	4	3	0	0	0	3	2	1	1	2	1	1	2	5	5	5	1	5	2	5	3	5	5	1	5	Target
165.000000	16	5.90	-3.70	5	8	2	0	5	4	3	0	0	0	5	2	1	1	2	1	1	2	2	2	5	5	2	2	2	3	1	5	5	3	Target
146.000000	13	5.00	-3.70	4	5	3	0	8	4	3	0	0	0	3	2	1	1	2	1	1	2	5	5	3	3	2	2	5	5	5	5	5	5	Target
142.000000	19	4.80	-3.70	6	8	0	5	1	4	3	0	0	0	2	2	1	1	2	1	1	2	4	4	4	4	4	2	2	2	5	1	1	2	Target
142.000000	9	7.30	-3.70	6	4	2	0	8	4	3	0	0	0	5	2	1	1	2	1	1	2	5	2	5	5	5	5	5	3	5	1	1	3	Target
141.000000	17	-7.70	-3.70	5	7	1	4	3	4	3	0	0	0	5	2	1	1	2	1	1	2	4	4	4	4	2	2	2	2	5	1	5	3	Target
162.000000	19	7.40	-3.70	7	7	3	1	2	4	3	0	0	0	3	2	1	1	2	1	1	2	5	5	4	1	2	2	2	3	1	3	1	2	Target
154.000000	13	9.10	-3.70	5	6	1	0	8	4	3	0	0	0	5	2	1	1	2	1	1	2	2	2	5	1	5	2	5	3	5	5	5	5	Target
151.000000	21	10.10	-3.70	6	7	2	2	3	4	3	0	0	0	3	2	1	1	2	1	1	2	5	2	5	1	5	2	4	4	2	2	1	3	Target
151.000000	21	9.20	-3.70	6	6	2	2	4	4	3	0	0	0	5	2	1	1	2	1	1	2	5	3	5	1	5	2	4	4	2	2	1	3	Target
149.000000	18	6.40	-3.70	7	5	3	1	4	4	3	0	0	0	3	2	1	1	2	1	1	2	5	5	4	1	2	2	5	3	1	3	1	5	Target
149.000000	18	12.60	-3.70	6	5	4	1	4	4	3	0	0	0	5	2	1	1	2	1	1	2	5	3	4	3	2	5	2	3	1	3	1	5	Target
149.000000	18	5.10	-3.70	8	5	2	1	4	4	3	0	0	0	2	2	1	1	2	1	1	2	2	3	4	1	5	5	5	3	1	1	1	5	Target
147.000000	21	10.10	-3.70	6	7	1	2	4	4	3	0	0	0	2	2	1	1	2	1	1	2	4	4	2	2	5	1	5	5	5	2	1	3	Target
147.000000	18	7.90	-3.70	7	4	2	0	7	4	3	0	0	0	5	2	1	1	2	1	1	2	5	3	5	1	2	5	5	3	5	1	1	5	Target
146.000000	21	9.00	-3.70	6	7	2	2	3	4	3	0	0	0	2	2	1	1	2	1	1	2	5	4	3	2	1	5	5	4	2	2	1	3	Target
146.000000	21	6.80	-3.70	4	8	0	3	5	4	3	0	0	0	5	2	1	1	2	1	1	2	4	4	4	2	2	5	5	5	2	2	2	5	Target
144.000000	19	13.00	-3.70	6	6	2	0	6	4	3	0	0	0	2	2	1	1	2	1	1	2	5	3	5	5	5	2	5	3	5	1	1	2	Target
143.000000	20	9.20	-3.70	6	6	0	1	7	4	3	0	0	0	5	2	1	1	2	1	1	2	5	4	2	2	5	2	5	5	5	1	5	1	Target
143.000000	18	8.30	-3.70	7	4	1	0	8	4	3	0	0	0	5	2	1	1	2	1	1	2	5	5	5	1	5	2	5	3	5	1	1	5	Target
143.000000	12	7.90	-3.70	6	6	2	1	5	4	3	0	0	0	2	2	1	1	2	1	1	2	5	2	4	1	2	5	5	3	1	5	5	3	Target
142.000000	18	13.50	-3.70	5	8	4	1	2	4	2	0	0	1	2	5	1	1	2	1	1	2	2	3	3	4	2	2	2	3	1	3	5	2	Target
142.000000	21	5.80	-3.70	4	7	2	3	4	4	3	0	0	0	3	2	1	1	2	1	1	2	4	4	4	2	2	2	5	5	2	5	3	5	Target
142.000000	9	8.10	-3.70	4	5	1	0	10	4	3	0	0	0	2	2	1	1	2	1	1	2	5	2	5	5	5	5	5	3	5	5	5	5	Target
142.000000	19	7.30	-3.70	7	5	3	1	4	4	3	0	0	0	2	2	1	1	2	1	1	2	5	5	5	1	5	2	4	3	1	3	1	3	Target
141.000000	12	5.30	-3.70	5	4	3	0	8	4	3	0	0	0	3	2	1	1	2	1	1	2	5	5	5	1	2	5	5	3	5	5	5	3	Target
140.000000	7	7.90	-3.70	7	3	2	0	8	4	3	0	0	0	5	2	1	1	2	1	1	2	5	3	5	1	5	5	5	3	5	1	1	5	Target
140.000000	7	8.50	-3.70	7	3	3	0	7	4	3	0	0	0	3	2	1	1	2	1	1	2	5	3	5	1	5	5	5	3	5	1	1	5	Target
140.000000	11	5.60	-3.70	6	5	4	0	5	3	3	1	0	0	3	2	3	1	2	1	1	2	2	3	2	1	5	5	5	3	5	1	1	5	Target
140.000000	7	6.90	-3.70	6	3	2	0	9	4	3	0	0	0	3	2	1	1	2	1	1	2	5	5	5	1	5	5	5	3	5	1	5	5	Target
160.000000	17	5.60	 1.20	9	5	0	1	5	4	3	0	0	0	5	1	1	2	1	1	2	2	4	1	5	2	5	2	1	1	1	1	5	5	Target
146.000000	17	5.50	 1.30	4	8	4	0	4	1	5	1	0	0	1	2	2	2	1	2	3	2	1	3	3	5	5	3	2	2	2	1	5	5	Target
143.000000	18	9.00	-0.40	3	9	2	0	6	2	4	1	0	0	5	3	2	2	1	2	1	2	5	5	5	2	2	5	2	2	2	3	1	5	Target
141.000000	18	6.20	 1.30	5	9	2	2	2	2	4	0	0	1	1	5	2	2	1	2	1	2	4	4	3	2	2	1	3	2	2	5	1	2	Target
151.000000	21	3.50	-0.70	5	8	2	2	3	2	4	1	0	0	5	2	3	2	1	2	1	2	1	4	4	1	3	2	2	5	5	2	2	1	Target
150.000000	19	5.20	 1.30	5	8	4	1	2	2	4	1	0	0	5	2	2	2	1	2	1	3	4	3	1	2	2	1	3	2	3	1	5	2	Target
148.000000	19	3.70	 1.30	5	7	4	2	2	2	5	0	0	0	5	2	2	2	1	2	1	2	5	1	1	4	3	3	3	2	3	4	1	2	Target
148.000000	19	7.80	-0.40	5	8	4	0	3	2	4	1	0	0	1	3	2	2	1	2	1	2	5	1	5	2	3	5	2	2	3	3	1	2	Target
145.000000	20	5.10	 1.30	4	8	2	3	3	2	5	0	0	0	5	2	2	2	1	2	1	2	4	4	4	1	5	3	5	2	1	3	2	2	Target
143.000000	16	11.50	 1.30	3	9	4	1	3	1	5	1	0	0	5	2	2	2	1	2	3	2	4	1	3	2	3	1	2	2	3	5	5	2	Target
142.000000	21	5.80	 0.60	5	6	5	2	2	2	4	1	0	0	5	2	2	3	1	2	1	2	4	1	3	1	2	4	3	3	5	3	2	1	Target
141.000000	20	6.30	-0.40	5	7	5	3	0	2	4	1	0	0	1	3	2	2	1	2	1	2	4	4	4	1	3	3	2	2	1	3	3	2	Target
156.000000	19	4.10	-2.50	6	9	2	2	1	5	2	0	0	0	2	1	1	1	2	1	2	1	2	4	2	2	2	4	1	5	3	3	2	2	Target
150.000000	19	7.40	-0.80	7	8	2	1	2	4	2	1	0	0	2	1	1	1	2	1	2	3	5	5	2	4	2	1	1	2	1	3	2	2	Target
155.000000	18	9.20	-2.50	9	2	4	0	5	5	2	0	0	0	5	1	1	1	2	1	2	1	3	1	3	3	5	1	5	5	1	1	3	5	Target
151.000000	18	10.60	-0.80	8	6	2	0	4	4	2	1	0	0	2	1	1	1	2	1	2	3	5	1	2	5	5	1	1	2	1	3	2	5	Target
164.000000	19	11.80	-2.50	9	3	5	0	3	5	2	0	0	0	5	1	1	1	2	1	2	1	3	1	5	3	2	1	5	3	1	1	3	3	Target
151.000000	22	6.00	-2.50	7	5	1	3	4	5	2	0	0	0	5	1	1	1	2	1	2	1	2	5	2	5	5	1	4	4	4	1	2	3	Target
149.000000	19	3.52	-2.50	7	6	1	2	4	5	2	0	0	0	5	1	1	1	2	1	2	1	3	5	2	4	4	1	1	2	5	5	2	2	Target
142.000000	17	6.80	-2.60	8	4	4	0	4	5	1	1	0	0	2	1	1	1	2	1	3	1	5	1	5	3	2	1	5	2	3	1	5	3	Target
160.000000	11	7.60	-2.50	7	5	2	0	6	5	2	0	0	0	5	1	1	1	2	1	2	1	2	1	2	2	5	5	1	3	5	3	5	5	Target
151.000000	16	8.00	-2.50	7	5	1	1	6	5	2	0	0	0	5	1	1	1	2	1	2	1	2	5	2	3	5	1	4	2	1	5	5	5	Target
150.000000	18	5.20	-2.50	10	5	0	3	2	5	2	0	0	0	2	1	1	1	2	1	2	1	5	1	4	4	2	1	1	4	1	1	2	5	Target
146.000000	17	8.50	-2.50	7	4	1	0	8	5	2	0	0	0	5	1	1	1	2	1	2	1	5	1	5	5	2	5	5	2	3	1	5	5	Target
141.000000	17	13.10	-2.50	8	5	3	1	3	4	2	0	0	1	2	5	1	1	2	1	2	1	3	1	3	4	2	5	1	1	2	1	3	5	Target
140.000000	7	9.20	-2.50	6	3	4	0	7	5	2	0	0	0	3	1	1	1	2	1	2	1	5	5	5	3	5	5	5	2	5	1	3	3	Target
155.000000	18	4.80	-2.50	6	6	2	0	6	5	2	0	0	0	5	1	1	1	2	1	2	1	2	5	5	5	2	3	5	2	3	1	2	5	Target
154.000000	19	9.90	-2.50	8	6	2	1	3	5	2	0	0	0	2	1	1	1	2	1	2	1	5	1	2	5	5	4	1	3	3	1	2	2	Target
142.000000	18	6.80	 0.50	5	7	4	1	3	3	3	0	0	1	5	5	1	2	1	1	2	2	3	3	2	2	4	2	1	3	5	1	3	2	Target
156.000000	15	5.90	-2.00	8	4	3	0	5	4	3	0	0	0	3	2	1	1	1	2	1	2	1	3	1	5	3	2	5	1	5	5	1	5	Target
143.000000	19	7.20	-2.50	8	5	1	1	5	4	2	0	0	1	5	5	1	1	1	2	1	2	3	5	1	4	2	5	5	1	1	2	1	2	Target
151.000000	21	11.00	-0.30	10	3	2	2	3	5	2	0	0	0	1	1	1	2	1	1	2	1	4	4	3	1	3	2	1	1	5	5	5	1	Target
143.000000	10	4.40	-3.00	4	4	3	0	9	3	4	0	0	0	5	2	2	1	2	1	1	2	3	5	1	5	5	5	5	5	5	3	5	3	Target
140.000000	7	5.70	-3.00	5	4	0	0	11	3	4	0	0	0	5	2	2	1	2	1	1	2	5	5	5	5	1	5	5	5	5	5	5	1	Target
143.000000	19	9.00	-3.00	6	8	1	3	2	3	4	0	0	0	2	2	2	1	2	1	1	2	4	4	1	1	1	4	2	5	2	5	2	3	Target
152.000000	15	8.80	-3.00	5	6	3	0	6	3	4	0	0	0	5	2	2	1	2	1	1	2	3	1	5	5	3	2	3	2	5	5	5	1	Target
149.000000	20	5.00	-3.00	4	6	5	0	5	3	4	0	0	0	3	2	2	1	2	1	1	2	5	5	5	2	5	2	3	3	5	3	3	1	Target
148.000000	20	8.80	-3.00	7	7	1	1	4	3	3	0	0	1	1	5	2	1	2	1	1	2	5	1	4	1	2	2	2	2	3	5	1	5	Target
148.000000	18	8.30	-3.00	7	7	2	0	4	3	3	0	0	1	1	5	2	1	2	1	1	2	2	5	1	2	2	3	2	5	1	5	1	3	Target
146.000000	15	3.40	-3.00	4	7	1	1	7	3	4	0	0	0	5	2	2	1	2	1	1	2	5	5	4	1	2	3	2	2	5	5	5	5	Target
154.000000	13	11.30	-3.00	5	7	2	0	6	3	4	0	0	0	1	2	2	1	2	1	1	2	5	5	1	2	2	2	5	5	3	5	5	3	Target
149.000000	12	8.50	-3.00	4	6	3	0	7	3	4	0	0	0	5	2	2	1	2	1	1	2	5	1	5	2	2	5	3	3	3	5	5	5	Target
153.000000	20	7.30	-3.00	4	7	4	0	5	3	4	0	0	0	3	2	2	1	2	1	1	2	2	5	5	2	5	2	5	3	3	5	3	1	Target
143.000000	20	6.80	-0.90	5	6	5	1	3	2	4	1	0	0	5	2	2	3	2	1	1	2	5	1	1	4	3	2	5	2	3	3	1	3	Target
143.000000	20	7.30	-5.10	7	6	1	4	2	4	3	0	0	0	3	2	1	1	1	2	1	2	4	4	4	2	1	4	2	5	1	1	5	2	Target
160.000000	25	10.30	-3.00	3	9	0	5	3	3	4	0	0	0	5	2	2	1	2	1	1	2	2	5	5	2	4	4	4	4	4	2	2	2	Target
153.000000	16	10.30	-0.90	4	8	4	0	4	2	4	1	0	0	3	2	2	3	2	1	1	2	5	1	3	2	2	3	2	2	1	5	5	5	Target
141.000000	20	9.40	-3.00	4	6	5	0	5	3	3	1	0	0	5	2	2	1	2	1	1	3	2	5	1	2	5	5	3	2	3	3	5	3	Target
140.000000	21	-6.30	 1.30	2	9	7	1	1	1	4	2	0	0	3	2	2	3	2	3	1	2	3	5	3	4	2	2	2	2	2	1	3	3	Target
146.000000	14	5.80	-3.00	5	9	0	1	5	3	3	0	0	1	1	5	2	1	2	1	1	2	2	4	1	2	2	2	2	2	5	5	5	5	Target
143.000000	20	9.50	-0.90	5	8	1	1	5	2	4	1	0	0	5	2	2	3	2	1	1	2	2	1	5	4	2	2	2	5	1	5	5	1	Target
143.000000	20	5.20	-3.00	7	5	2	4	2	3	4	0	0	0	5	2	2	1	2	1	1	2	4	1	1	4	4	4	2	5	1	1	3	3	Target
142.000000	16	3.80	-0.90	3	9	3	2	3	2	4	1	0	0	5	2	2	3	2	1	1	2	4	4	3	2	2	2	2	2	1	5	5	3	Target
161.000000	16	8.30	-3.00	5	8	3	0	4	3	4	0	0	0	3	2	2	1	2	1	1	2	2	1	3	2	5	5	2	2	3	5	5	1	Target
143.000000	25	10.90	-3.00	5	6	2	5	2	3	4	0	0	0	1	2	2	1	2	1	1	2	4	4	4	2	4	4	1	3	2	5	3	5	Target
140.000000	22	7.90	-2.60	6	7	3	2	2	3	3	1	0	0	1	2	2	1	3	1	1	2	2	5	1	2	5	3	4	4	2	2	1	3	Target
165.000000	20	12.80	-3.00	6	7	3	0	4	3	4	0	0	0	3	2	2	1	2	1	1	2	5	5	1	2	2	2	5	3	3	1	1	5	Target
156.000000	18	8.30	-3.00	7	6	2	2	3	3	4	0	0	0	5	2	2	1	2	1	1	2	2	1	3	4	4	3	5	2	1	1	1	5	Target
143.000000	16	8.50	-0.90	4	8	4	1	3	2	4	1	0	0	3	2	2	3	2	1	1	2	5	1	4	1	2	2	2	2	3	5	5	3	Target
152.000000	21	8.40	-3.00	6	6	3	1	4	3	4	0	0	0	3	2	2	1	2	1	1	2	2	1	5	4	2	3	5	5	5	3	1	1	Target
153.000000	19	6.10	-3.00	4	8	4	2	2	3	4	0	0	0	5	2	2	1	2	1	1	2	2	4	4	2	2	2	5	3	1	3	3	3	Target
149.000000	19	9.10	-0.90	5	9	2	2	2	2	4	1	0	0	5	2	2	3	2	1	1	2	2	4	4	2	2	2	2	5	1	1	1	3	Target
140.000000	18	9.00	-3.00	5	6	5	0	4	3	3	0	0	1	3	5	2	1	2	1	1	2	3	5	5	2	5	2	3	2	1	3	1	3	Target
148.000000	11	5.50	-3.00	4	6	4	0	6	3	4	0	0	0	5	2	2	1	2	1	1	2	2	5	3	2	5	5	5	5	3	3	3	1	Target
141.000000	20	12.90	-2.60	6	6	3	0	5	3	3	1	0	0	1	2	2	1	3	1	1	2	2	5	3	5	3	2	5	2	1	5	1	5	Target
158.000000	21	4.40	-3.00	7	7	2	2	2	3	4	0	0	0	5	2	2	1	2	1	1	2	5	1	4	1	2	2	3	2	4	1	1	3	Target
152.000000	21	5.10	-3.00	4	8	5	1	2	3	4	0	0	0	1	2	2	1	2	1	1	2	2	5	5	4	2	2	2	3	3	3	3	3	Target
150.000000	9	8.50	-3.00	5	5	2	0	8	3	4	0	0	0	3	2	2	1	2	1	1	2	2	1	5	5	3	5	5	5	5	5	1	5	Target
145.000000	20	11.70	-2.60	7	6	3	0	4	3	3	1	0	0	1	2	2	1	3	1	1	2	2	5	3	2	2	5	5	3	1	5	1	1	Target
155.000000	20	7.60	-2.60	6	6	6	1	1	3	3	1	0	0	5	2	2	1	3	1	1	2	3	4	1	1	2	2	3	2	3	3	3	1	Target
152.000000	21	5.70	-1.10	3	9	6	1	1	2	4	1	0	0	3	2	2	1	2	3	1	2	2	1	3	4	2	2	2	2	3	3	5	3	Target
163.000000	18	8.40	-3.00	5	9	2	0	4	4	3	0	0	0	2	1	1	2	1	2	1	2	5	2	1	2	2	2	5	5	3	3	2	5	Target
163.000000	22	11.10	-3.00	7	7	0	3	3	4	3	0	0	0	5	1	1	2	1	2	1	2	1	5	5	4	4	4	2	2	2	1	1	2	Target
145.000000	14	5.10	-3.00	5	8	3	1	3	3	3	1	0	0	2	1	1	2	1	2	3	2	1	4	2	1	2	2	2	5	5	3	3	5	Target
143.000000	10	7.80	-3.00	5	4	3	0	8	4	3	0	0	0	2	1	1	2	1	2	1	2	3	5	1	5	5	3	5	5	5	5	5	3	Target
140.000000	15	9.60	-3.40	8	6	0	0	6	4	2	0	0	1	5	1	1	2	1	5	1	2	1	5	1	2	2	2	1	1	5	5	5	2	Target
152.000000	14	7.90	-3.00	5	7	1	2	5	3	4	0	0	0	5	2	2	1	2	1	1	2	2	1	4	4	1	2	2	5	3	5	5	5	Target
143.000000	19	5.50	-3.00	3	8	5	1	3	3	3	0	0	1	5	5	2	1	2	1	1	2	2	4	3	2	2	5	2	2	3	3	3	3	Target
142.000000	17	9.20	-0.90	3	7	6	0	4	2	4	1	0	0	3	2	2	3	2	1	1	2	2	5	3	2	5	3	3	2	3	1	5	5	Target
164.000000	21	13.90	-3.00	6	7	3	1	3	3	4	0	0	0	3	2	2	1	2	1	1	2	5	5	1	2	2	2	5	3	3	1	1	4	Target
141.000000	19	15.00	-3.00	7	5	2	0	6	3	3	0	0	1	3	5	2	1	2	1	1	2	5	5	1	2	5	5	3	2	1	1	1	5	Target
152.000000	23	8.10	-3.00	3	8	4	3	2	3	4	0	0	0	3	2	2	1	2	1	1	2	3	5	4	4	4	3	2	2	2	3	2	5	Target
148.000000	20	5.30	-3.00	4	9	2	1	4	3	3	0	0	1	5	5	2	1	2	1	1	2	2	5	3	2	4	2	2	2	2	3	5	1	Target
140.000000	21	10.10	 1.30	3	8	7	1	1	1	4	2	0	0	5	2	2	3	2	3	1	2	2	1	1	4	2	3	3	2	2	3	3	3	Target
149.000000	20	9.70	-3.00	7	4	3	0	6	3	4	0	0	0	3	2	2	1	2	1	1	2	3	5	1	5	5	5	5	5	1	3	1	1	Target
167.000000	22	7.80	-3.00	6	9	2	2	1	3	4	0	0	0	3	2	2	1	2	1	1	2	4	2	1	4	1	5	2	2	2	2	1	3	Target
164.000000	21	13.90	-3.00	6	7	3	1	3	3	4	0	0	0	3	2	2	1	2	1	1	2	5	5	1	2	2	2	5	3	3	1	1	4	Target
153.000000	20	8.50	-3.00	6	6	2	0	6	3	4	0	0	0	5	2	2	1	2	1	1	2	2	1	5	5	5	5	3	2	3	1	5	1	Target
146.000000	9	11.30	-3.00	5	4	3	0	8	3	4	0	0	0	3	2	2	1	2	1	1	2	3	1	5	5	5	5	5	5	5	3	1	5	Target
156.000000	23	8.70	-2.80	5	7	2	3	3	5	2	0	0	0	2	1	1	1	2	1	2	1	2	5	5	5	3	2	3	2	4	4	4	2	Target
147.000000	17	5.40	-3.00	4	7	5	2	2	3	4	0	0	0	3	2	2	1	2	1	1	2	4	4	3	2	2	5	2	3	3	1	5	3	Target
145.000000	8	9.50	-3.00	3	6	4	0	7	3	4	0	0	0	5	2	2	1	2	1	1	2	2	5	5	2	5	3	3	5	3	5	3	5	Target
148.000000	13	6.20	-3.00	4	7	2	1	6	3	4	0	0	0	5	2	2	1	2	1	1	2	4	2	5	1	2	2	5	5	5	3	5	3	Target
146.000000	20	6.70	-3.00	3	7	5	2	3	3	4	0	0	0	5	2	2	1	2	1	1	2	3	5	4	4	2	2	3	2	3	3	3	5	Target
160.000000	21	8.80	-3.00	5	7	4	1	3	3	4	0	0	0	5	2	2	1	2	1	1	2	2	4	1	3	2	3	2	3	5	1	5	3	Target
146.000000	16	5.10	-1.10	6	8	0	0	6	2	4	0	0	1	1	5	2	1	2	2	2	1	2	5	1	2	5	1	2	5	2	1	5	5	Target
144.000000	15	11.50	 0.30	3	9	3	0	5	1	5	1	0	0	3	2	2	3	2	2	2	1	2	5	1	3	2	5	2	2	5	5	5	1	Target
143.000000	14	-13.00	 0.30	2	9	3	0	6	1	5	1	0	0	3	2	2	3	2	2	2	1	2	5	1	2	2	5	2	5	3	5	5	5	Target
148.000000	20	9.86	-3.20	8	6	0	4	2	4	3	0	0	0	1	2	1	1	2	1	2	1	4	4	4	4	2	5	1	2	1	1	2	5	Target
145.000000	8	11.60	-3.20	6	4	3	0	7	4	3	0	0	0	1	2	1	1	2	1	2	1	2	5	5	5	3	3	3	5	5	5	1	5	Target
143.000000	17	4.10	 0.70	5	7	2	0	6	4	2	0	0	1	5	5	1	1	2	1	1	2	5	2	2	1	2	5	3	5	3	2	2	5	Target
146.000000	17	4.60	 1.30	4	8	2	0	6	2	5	0	0	0	2	2	1	2	2	1	2	2	5	5	3	5	2	5	1	2	5	1	5	3	Target
159.000000	16	14.80	-5.10	9	3	3	1	4	5	2	0	0	0	5	1	2	1	1	1	2	1	1	3	1	3	4	1	2	1	3	5	5	5	Target
143.000000	18	10.30	-6.30	9	5	1	2	3	5	1	1	0	0	5	1	2	1	1	1	3	1	4	2	1	2	4	1	5	1	2	1	2	5	Target
150.000000	21	7.20	-2.80	6	7	3	0	4	4	2	1	0	0	3	1	1	1	2	1	2	3	2	5	5	1	2	3	2	5	2	5	1	2	Target
144.000000	11	13.60	-2.80	7	3	1	0	9	5	2	0	0	0	2	1	1	1	2	1	2	1	5	5	1	1	5	3	5	5	5	5	5	5	Target
164.000000	21	4.40	-2.50	6	7	2	1	4	3	4	0	0	0	5	1	2	2	2	1	2	1	1	2	3	5	5	1	5	3	4	2	1	2	Target
145.000000	16	-1.90	-0.10	3	10	1	0	6	2	4	1	0	0	2	1	2	2	2	3	2	1	1	2	2	5	5	5	2	2	2	5	5	5	Target
169.000000	16	3.90	-2.50	5	9	1	0	5	3	4	0	0	0	5	1	2	2	2	1	2	1	1	2	2	1	5	5	2	2	2	5	3	5	Target
154.000000	19	4.30	-2.50	6	7	2	1	4	3	4	0	0	0	5	1	2	2	2	1	2	1	1	2	3	5	5	1	5	3	4	2	1	2	Target
145.000000	16	0.90	-0.10	3	10	1	0	6	2	4	1	0	0	2	1	2	2	2	3	2	1	1	2	2	5	5	5	2	2	2	5	5	5	Target
159.000000	22	4.10	-3.70	5	8	2	2	3	4	3	0	0	0	5	1	1	2	2	1	2	1	2	5	5	2	1	4	2	2	2	4	3	3	Target
147.000000	22	5.20	-3.70	5	7	2	2	4	4	3	0	0	0	2	1	1	2	2	1	2	1	5	4	2	1	3	3	2	5	5	2	5	4	Target
172.000000	21	6.40	-3.70	7	9	1	1	2	4	3	0	0	0	2	1	1	2	2	1	2	1	2	5	1	2	1	5	3	2	2	4	2	1	Target
161.000000	20	-4.40	-3.70	5	8	4	0	3	4	3	0	0	0	2	1	1	2	2	1	2	1	5	2	3	3	3	2	5	2	3	5	1	2	Target
163.000000	20	4.10	-3.70	4	11	2	1	2	4	3	0	0	0	2	1	1	2	2	1	2	1	2	5	4	2	3	2	2	2	2	3	5	2	Target
154.000000	24	4.10	-3.70	5	9	1	4	1	4	3	0	0	0	2	1	1	2	2	1	2	1	2	4	4	2	4	3	2	1	4	2	2	5	Target
158.000000	21	4.10	-3.50	6	9	1	2	2	4	3	0	0	0	2	2	2	1	1	1	2	1	4	2	5	1	5	2	4	1	2	2	2	3	Target
153.000000	12	4.90	-3.50	6	6	2	0	6	4	3	0	0	0	2	2	2	1	1	1	2	1	3	5	1	1	2	5	5	2	5	5	5	3	Target
152.000000	21	5.00	-3.50	6	6	3	1	4	4	3	0	0	0	5	2	2	1	1	1	2	1	3	4	2	1	1	5	5	5	2	2	3	3	Target
151.000000	20	4.60	-3.50	4	8	4	1	3	4	3	0	0	0	2	2	2	1	1	1	2	1	5	2	3	5	2	5	4	2	3	2	3	3	Target
145.000000	20	8.20	-3.50	6	6	4	0	4	4	2	1	0	0	2	3	2	1	1	1	2	1	2	5	5	1	5	1	2	5	3	3	3	2	Target
149.000000	16	7.40	-3.50	5	6	1	0	8	4	3	0	0	0	5	2	2	1	1	1	2	1	2	5	5	5	5	1	2	3	2	5	5	5	Target
169.000000	20	3.70	-2.00	6	10	0	2	2	4	3	0	0	0	5	1	2	1	1	2	2	1	2	2	4	1	2	4	2	1	2	5	2	2	Target
160.000000	19	9.40	-2.00	6	8	0	0	6	4	3	0	0	0	5	1	2	1	1	2	2	1	2	2	5	5	5	5	1	2	2	5	2	1	Target
157.000000	21	12.20	-2.00	5	9	2	3	1	4	3	0	0	0	2	1	2	1	1	2	2	1	4	2	2	3	2	3	1	5	2	4	4	2	Target
156.000000	11	7.00	-2.00	7	5	1	0	7	4	3	0	0	0	5	1	2	1	1	2	2	1	3	2	2	1	5	5	1	5	5	5	5	1	Target
149.000000	16	4.60	-2.00	5	6	1	0	8	4	3	0	0	0	5	1	2	1	1	2	2	1	5	5	5	5	2	2	1	3	2	5	5	5	Target
151.000000	16	6.50	-2.80	7	6	1	1	5	5	2	0	0	0	2	1	1	1	2	1	2	1	4	2	1	5	1	5	2	3	2	5	5	5	Target
145.000000	8	8.80	-2.80	5	5	1	0	9	5	2	0	0	0	2	1	1	1	2	1	2	1	2	5	5	5	3	5	5	5	2	5	5	5	Target
154.000000	19	9.30	-2.80	8	6	0	1	5	5	2	0	0	0	5	1	1	1	2	1	2	1	5	5	5	1	2	2	5	4	1	2	2	1	Target
145.000000	8	8.80	-2.80	6	6	0	0	8	5	2	0	0	0	2	1	1	1	2	1	2	1	2	5	5	5	5	5	2	5	2	5	1	5	Target
150.000000	17	13.50	-2.80	7	6	1	0	6	5	2	0	0	0	2	1	1	1	2	1	2	1	5	1	5	1	5	5	2	5	2	2	5	3	Target
149.000000	12	8.20	-2.80	7	4	0	0	9	5	2	0	0	0	5	1	1	1	2	1	2	1	2	5	1	5	2	5	5	5	5	5	1	5	Target
140.000000	7	9.60	-2.80	6	4	1	0	9	5	2	0	0	0	5	1	1	1	2	1	2	1	5	5	5	5	5	5	2	1	3	2	5	5	Target
145.000000	8	8.80	-2.80	6	6	0	0	8	5	2	0	0	0	2	1	1	1	2	1	2	1	2	5	5	5	2	5	2	5	5	5	1	5	Target
144.000000	11	13.70	-2.80	7	4	1	0	8	5	2	0	0	0	2	1	1	1	2	1	2	1	5	5	1	1	5	5	2	5	5	5	3	5	Target
146.000000	20	10.10	-2.80	7	6	3	2	2	4	2	1	0	0	3	1	1	1	2	3	2	1	5	1	1	5	2	2	4	4	2	1	2	3	Target
154.000000	23	7.40	-2.00	7	7	1	5	0	4	3	0	0	0	2	1	2	1	1	2	2	1	2	4	4	4	4	4	2	1	1	3	2	1	Target
147.000000	16	6.00	-1.70	8	5	3	1	3	4	2	1	0	0	5	1	2	1	1	3	2	1	4	2	1	1	3	2	1	3	2	5	5	1	Target
159.000000	22	7.50	-2.80	9	4	1	3	3	5	2	0	0	0	5	1	1	1	2	1	2	1	2	1	4	4	4	1	1	3	5	5	1	2	Target
165.000000	16	16.70	-2.80	7	7	1	0	5	5	2	0	0	0	2	1	1	1	2	1	2	1	2	5	5	1	3	2	2	1	2	5	5	5	Target
149.000000	22	8.80	-2.80	8	6	0	3	3	5	2	0	0	0	5	1	1	1	2	1	2	1	4	2	5	4	1	1	2	2	4	2	1	5	Target
148.000000	19	15.30	-3.90	8	6	4	0	2	4	1	2	0	0	3	1	1	1	3	3	2	1	2	1	1	1	2	2	5	5	3	2	1	2	Target
149.000000	18	7.10	-2.70	8	8	1	1	2	4	2	0	0	1	3	1	5	1	2	1	2	1	2	1	1	4	2	2	2	1	2	2	1	5	Target
168.000000	19	4.20	-2.00	7	8	0	0	5	4	3	0	0	0	5	1	2	1	1	2	2	1	2	2	1	5	5	2	1	2	5	2	5	1	Target
161.000000	19	4.00	-2.00	6	9	0	2	3	4	3	0	0	0	5	1	2	1	1	2	2	1	2	2	4	4	2	2	1	5	5	2	2	1	Target
152.000000	11	10.70	-2.00	7	5	2	0	6	4	3	0	0	0	5	1	2	1	1	2	2	1	3	2	3	1	5	5	1	5	5	5	2	1	Target
152.000000	17	7.70	-2.00	5	7	4	1	3	4	3	0	0	0	2	1	2	1	1	2	2	1	4	2	3	3	2	3	1	5	2	3	5	5	Target
150.000000	19	4.60	-2.00	6	7	1	1	5	4	3	0	0	0	5	1	2	1	1	2	2	1	5	5	5	5	2	2	1	3	2	4	2	1	Target
145.000000	8	8.80	-2.80	5	6	0	0	9	5	2	0	0	0	2	1	1	1	2	1	2	1	2	5	5	5	2	5	5	5	5	2	5	5	Target
145.000000	8	7.10	-2.80	5	6	0	0	9	5	2	0	0	0	5	1	1	1	2	1	2	1	2	5	5	5	5	2	5	5	2	5	5	2	Target
141.000000	12	12.90	-2.80	6	4	1	0	9	5	2	0	0	0	2	1	1	1	2	1	2	1	5	5	1	5	2	5	5	5	5	5	3	5	Target
159.000000	17	9.90	-2.80	8	7	0	2	3	5	2	0	0	0	2	1	1	1	2	1	2	1	4	4	1	1	2	5	2	1	2	2	5	5	Target
144.000000	15	9.90	-2.80	8	4	1	0	7	5	2	0	0	0	2	1	1	1	2	1	2	1	5	5	1	5	3	2	5	1	5	5	1	5	Target
142.000000	9	3.40	 0.00	3	6	3	0	8	2	5	0	0	0	5	2	2	2	2	2	1	1	3	3	5	5	5	5	3	1	5	2	5	5	Target
141.000000	8	5.50	 0.00	3	6	4	0	7	2	5	0	0	0	5	2	2	2	2	2	1	1	3	5	5	1	5	5	3	3	5	2	3	5	Target
163.000000	18	8.00	 0.00	6	8	2	0	4	2	5	0	0	0	5	2	2	2	2	2	1	1	3	1	2	5	2	3	1	5	1	5	2	1	Target
158.000000	20	6.50	 0.00	6	7	2	2	3	2	5	0	0	0	5	2	2	2	2	2	1	1	5	4	4	1	3	1	2	3	1	1	5	2	Target
150.000000	21	6.30	-3.00	4	7	4	2	3	3	4	0	0	0	5	2	1	2	1	1	2	2	3	3	3	4	3	2	2	5	2	5	4	1	Target
140.000000	19	9.30	-0.40	8	6	1	0	5	3	3	0	0	1	5	2	1	5	1	1	2	2	3	1	5	5	2	2	5	2	1	1	1	1	Target
157.000000	14	6.50	-3.00	4	9	1	1	5	3	4	0	0	0	1	2	1	2	1	1	2	2	3	4	2	2	2	2	2	5	5	5	5	5	Target
153.000000	16	4.20	-3.00	6	8	2	2	2	3	4	0	0	0	1	2	1	2	1	1	2	2	4	1	3	4	2	2	2	2	1	5	3	5	Target
153.000000	16	4.20	-3.00	6	8	2	2	2	3	4	0	0	0	1	2	1	2	1	1	2	2	4	1	3	4	2	2	2	2	1	5	3	5	Target
148.000000	19	5.80	-2.00	4	7	3	0	6	4	3	0	0	0	5	1	2	1	1	2	2	1	2	5	3	5	2	3	5	5	2	5	2	3	Target
140.000000	11	8.30	-1.30	5	5	3	0	7	3	3	1	0	0	5	1	2	3	1	2	2	1	3	2	1	1	5	5	5	2	5	3	5	5	Target
140.000000	14	4.70	-2.00	3	8	4	0	5	3	3	0	0	1	5	5	2	1	1	2	2	1	2	2	3	5	3	2	3	2	5	5	2	3	Target
150.000000	9	4.30	-3.00	5	5	1	0	9	3	4	0	0	0	1	2	1	2	1	1	2	2	2	1	5	3	5	5	5	5	5	5	5	5	Target
150.000000	24	6.10	-3.00	4	8	1	4	3	3	4	0	0	0	5	2	1	2	1	1	2	2	4	4	2	1	3	5	5	2	2	2	4	4	Target
142.000000	9	7.30	-5.10	5	3	1	0	11	4	3	0	0	0	5	2	2	1	1	2	1	1	5	1	5	3	5	5	5	5	5	5	5	5	Target
149.000000	20	6.30	-1.20	3	8	2	0	7	2	5	0	0	0	5	2	2	2	2	1	1	2	5	5	5	5	5	2	2	2	1	3	5	3	Target
147.000000	10	4.00	-1.20	2	7	0	0	11	2	5	0	0	0	5	2	2	2	2	1	1	2	2	5	2	5	5	5	5	5	5	5	5	5	Target
158.000000	15	6.10	-1.20	3	11	1	1	4	2	5	0	0	0	2	2	2	2	2	1	1	2	4	2	5	2	1	2	2	2	5	5	3	5	Target
150.000000	20	4.40	-1.20	4	9	2	2	3	2	5	0	0	0	2	2	2	2	2	1	1	2	2	4	4	1	5	5	2	2	1	3	5	3	Target
144.000000	21	-7.60	-1.20	5	8	1	1	5	2	4	1	0	0	5	2	2	3	2	1	1	2	4	2	5	5	1	2	2	5	2	1	1	5	Target
142.000000	22	4.10	-1.20	4	8	1	3	4	2	5	0	0	0	5	2	2	2	2	1	1	2	4	4	2	5	2	1	5	5	2	4	1	3	Target
155.000000	19	13.10	-4.20	5	9	1	4	1	3	4	0	0	0	5	2	1	2	1	1	2	2	2	3	2	4	4	4	4	2	2	1	1	2	Target
153.000000	12	10.30	-2.80	6	6	1	0	7	3	4	0	0	0	5	2	2	1	2	1	2	1	2	1	5	1	3	5	5	5	5	1	5	2	Target
143.000000	18	2.80	-2.80	4	11	0	3	2	3	3	0	0	1	5	5	2	1	2	1	2	1	2	4	2	4	4	2	2	2	2	1	2	2	Target
141.000000	21	3.50	-2.80	4	10	1	3	2	2	4	1	0	0	5	2	2	1	2	1	2	3	4	2	5	2	1	4	4	1	2	2	2	2	Target
158.000000	23	8.30	-2.00	7	7	1	5	0	4	3	0	0	0	2	1	2	1	1	2	2	1	2	4	4	4	4	4	2	1	1	3	2	1	Target
149.000000	20	10.30	-1.70	9	5	3	2	1	4	2	1	0	0	5	1	2	1	1	3	2	1	4	2	1	1	3	2	1	3	4	1	2	1	Target
149.000000	20	6.20	-2.00	4	8	3	0	5	3	3	1	0	0	5	2	1	1	2	1	3	2	2	2	1	5	5	2	3	3	5	2	2	5	Target
148.000000	21	10.50	-2.00	8	6	2	4	0	3	3	1	0	0	3	2	1	1	2	1	3	2	2	2	4	4	4	1	1	1	4	2	1	1	Target
145.000000	20	10.10	-2.00	4	7	1	0	8	3	4	0	0	0	5	2	1	1	2	1	2	2	3	5	5	5	1	5	5	5	2	2	2	5	Target
142.000000	9	4.40	-2.00	4	5	0	0	11	3	4	0	0	0	5	2	1	1	2	1	2	2	5	2	5	5	5	5	1	5	5	5	5	5	Target
140.000000	7	4.00	-2.00	3	5	2	0	10	3	4	0	0	0	5	2	1	1	2	1	2	2	5	3	5	5	5	5	5	5	2	5	3	5	Target
140.000000	7	5.70	-2.00	3	5	1	0	11	3	4	0	0	0	3	2	1	1	2	1	2	2	5	5	5	5	5	5	5	5	5	2	5	5	Target
150.000000	9	3.00	-2.00	4	6	0	0	10	3	4	0	0	0	5	2	1	1	2	1	2	2	2	2	5	5	5	5	5	1	5	5	5	5	Target
140.000000	7	8.00	-2.00	5	6	1	0	8	3	4	0	0	0	1	2	1	1	2	1	2	2	5	5	5	1	5	2	5	5	5	2	3	5	Target
159.000000	20	8.00	-0.90	4	10	1	1	4	2	5	0	0	0	3	2	2	2	2	1	1	2	5	2	2	5	4	2	1	5	2	2	1	5	Target
141.000000	24	7.00	-0.90	5	9	2	4	0	2	4	1	0	0	2	3	2	2	2	1	1	2	4	2	4	2	3	4	1	1	2	1	2	4	Target
166.000000	21	-4.20	-0.90	4	12	0	2	2	2	5	0	0	0	2	2	2	2	2	1	1	2	2	2	5	1	4	1	2	5	4	2	2	2	Target
157.000000	20	10.30	-0.90	3	9	2	0	6	2	5	0	0	0	5	2	2	2	2	1	1	2	2	5	5	1	3	5	5	2	2	2	5	3	Target
155.000000	20	8.70	-0.90	2	11	2	1	4	2	5	0	0	0	5	2	2	2	2	1	1	2	2	2	4	2	5	5	2	3	2	5	2	3	Target
149.000000	18	10.70	-0.90	4	8	2	1	5	2	5	0	0	0	5	2	2	2	2	1	1	2	5	5	3	5	1	2	1	4	2	2	3	5	Target
157.000000	18	3.60	 1.20	7	8	0	1	4	4	3	0	0	0	2	2	1	1	2	1	1	2	1	2	5	5	2	2	4	1	1	5	2	5	Target
141.000000	17	9.20	-2.00	6	6	4	1	3	3	3	0	0	1	3	5	2	1	1	2	2	1	5	2	1	1	4	3	2	1	3	3	2	5	Target
151.000000	18	2.30	 1.20	5	8	2	3	2	4	3	0	0	0	3	2	1	1	2	1	1	2	4	4	4	2	2	5	3	1	2	2	2	5	Target
140.000000	7	7.00	 1.20	5	4	2	0	9	4	3	0	0	0	3	2	1	1	2	1	1	2	5	5	5	5	5	2	5	5	3	5	5	1	Target
142.000000	19	-8.70	-1.00	6	8	2	1	3	3	3	1	0	0	2	2	3	1	2	1	1	2	1	4	2	5	5	2	5	1	2	3	2	1	Target
143.000000	18	4.20	 0.00	5	9	1	0	5	3	3	0	0	1	5	2	1	1	2	1	5	2	5	2	2	2	5	2	1	1	2	2	3	5	Target
150.000000	19	4.40	 1.20	4	10	1	1	4	4	3	0	0	0	2	2	1	1	2	1	1	2	5	5	2	2	4	2	2	5	5	2	2	3	Target
152.000000	19	-2.50	 1.20	6	8	2	2	2	4	3	0	0	0	3	2	1	1	2	1	1	2	5	4	2	2	4	2	3	1	5	2	2	1	Target
150.000000	15	7.00	 1.20	6	5	2	1	6	4	3	0	0	0	5	2	1	1	2	1	1	2	1	4	2	2	5	3	3	1	5	5	5	5	Target
144.000000	19	11.00	 1.20	6	8	1	2	3	4	3	0	0	0	2	2	1	1	2	1	1	2	5	5	4	2	5	4	2	2	1	1	3	2	Target
141.000000	17	5.50	 0.70	4	9	3	1	3	4	2	0	0	1	2	5	1	1	2	1	1	2	4	2	2	2	2	3	3	3	2	5	2	5	Target
168.000000	19	13.70	-2.00	7	8	0	0	5	4	3	0	0	0	5	1	2	1	1	2	2	1	2	2	1	5	5	2	1	2	5	2	5	1	Target
165.000000	19	7.60	-2.00	7	8	1	2	2	4	3	0	0	0	5	1	2	1	1	2	2	1	2	2	4	4	2	2	1	5	1	2	3	1	Target
156.000000	19	15.50	-2.00	8	4	3	0	5	4	3	0	0	0	5	1	2	1	1	2	2	1	3	2	3	1	5	5	1	5	1	5	3	1	Target
153.000000	18	11.60	-2.00	6	6	5	1	2	4	3	0	0	0	2	1	2	1	1	2	2	1	4	2	3	3	2	3	1	5	3	3	1	5	Target
147.000000	18	8.70	-2.00	6	5	2	0	7	4	3	0	0	0	5	1	2	1	1	2	2	1	5	5	5	5	2	2	1	3	3	5	1	5	Target
143.000000	20	5.10	 1.20	5	7	2	1	5	4	3	0	0	0	2	2	1	1	2	1	1	2	5	5	5	5	5	4	2	1	3	3	2	2	Target
147.000000	18	7.90	 1.20	6	5	2	0	7	4	3	0	0	0	5	2	1	1	2	1	1	2	5	5	5	5	2	5	1	1	3	2	3	5	Target
147.000000	21	-4.30	 1.20	4	8	2	2	4	4	3	0	0	0	2	2	1	1	2	1	1	2	5	4	4	2	5	2	2	2	3	3	5	5	Target
146.000000	15	9.80	-3.40	5	7	4	1	3	3	3	1	0	0	3	2	1	1	2	3	1	2	1	2	2	2	4	2	1	3	5	5	5	3	Target
142.000000	21	6.26	 0.70	6	7	2	3	2	4	2	0	0	1	2	5	1	1	2	1	1	2	1	5	2	4	2	2	4	4	2	1	3	3	Target
140.000000	7	3.40	-1.00	3	5	2	0	10	3	4	0	0	0	5	2	1	2	2	1	2	1	5	5	5	2	5	5	3	5	5	5	5	3	Non-Target
156.000000	19	6.60	-0.50	5	8	1	0	6	3	4	0	0	0	5	1	1	2	2	2	1	2	5	5	2	3	5	2	1	2	5	5	1	2	Non-Target
150.000000	19	-5.30	-0.50	3	11	4	1	1	1	5	1	0	0	2	3	2	2	2	2	1	2	5	3	3	4	2	2	2	2	2	3	1	1	Non-Target
154.000000	19	4.70	-0.50	2	13	3	1	1	1	5	1	0	0	2	3	2	2	2	2	1	2	5	3	4	2	3	2	2	2	2	2	2	1	Non-Target
142.000000	17	4.70	-0.80	1	12	2	0	5	1	4	2	0	0	5	3	2	2	2	2	1	3	2	5	5	2	2	2	2	2	2	2	5	5	Non-Target
148.000000	17	2.90	-0.50	3	10	1	1	5	2	5	0	0	0	2	1	2	2	2	2	1	2	4	2	2	5	5	3	2	5	2	1	5	5	Non-Target
144.000000	19	2.00	-0.50	2	12	1	2	3	2	5	0	0	0	2	1	2	2	2	2	1	2	4	2	2	5	5	3	2	4	2	5	2	2	Non-Target
148.000000	22	9.32	-1.60	5	8	0	5	2	3	4	0	0	0	5	2	2	1	1	1	2	2	4	4	4	2	5	1	4	4	2	2	2	1	Non-Target
141.000000	8	7.30	-1.60	4	5	1	0	10	3	4	0	0	0	1	2	2	1	1	1	2	2	3	5	5	5	2	5	5	5	5	5	5	5	Non-Target
146.000000	19	10.40	-3.00	8	5	4	1	2	4	2	1	0	0	3	1	2	1	1	3	1	2	2	1	5	2	3	3	2	4	1	1	5	1	Non-Target
153.000000	20	18.70	-1.20	5	8	2	0	5	2	4	1	0	0	5	2	2	1	3	1	2	2	3	1	1	5	2	2	5	2	5	1	2	5	Non-Target
163.000000	18	9.20	-6.10	9	4	4	0	3	5	2	0	0	0	1	1	2	1	1	1	1	2	3	1	5	2	3	2	3	1	3	5	1	5	Non-Target
147.000000	18	12.50	-5.20	10	5	2	0	3	5	1	0	0	1	1	1	5	1	1	1	1	2	2	1	3	2	3	2	5	1	1	2	1	5	Non-Target
143.000000	21	6.10	 0.00	5	8	1	2	4	3	3	1	0	0	5	1	1	2	2	3	1	2	5	4	4	2	2	1	2	5	1	2	2	5	Non-Target
142.000000	19	8.30	-0.50	3	9	4	1	3	2	4	1	0	0	5	1	3	2	2	2	1	2	2	5	2	3	2	5	3	3	2	4	1	2	Non-Target
154.000000	16	7.70	-1.30	8	6	1	2	3	4	3	0	0	0	3	1	2	2	2	1	1	1	1	2	4	4	1	2	5	1	2	5	5	1	Non-Target
147.000000	16	4.70	-1.30	5	8	0	1	6	4	3	0	0	0	2	1	2	2	2	1	1	1	4	2	1	5	2	5	2	5	2	5	5	5	Non-Target
143.000000	21	7.30	-5.80	6	6	3	2	3	3	3	1	0	0	3	3	1	1	1	2	2	2	1	3	1	5	5	5	1	2	2	4	4	2	Non-Target
159.000000	16	12.90	-6.50	7	6	3	1	3	3	4	0	0	0	3	2	1	1	1	2	2	2	1	4	2	1	5	2	1	1	3	5	5	3	Non-Target
147.000000	26	12.20	-6.50	4	5	4	7	0	3	4	0	0	0	3	2	1	1	1	2	2	2	4	4	4	4	4	4	4	3	3	1	2	3	Non-Target
143.000000	18	11.40	-6.90	8	6	1	2	3	3	3	1	0	0	5	2	1	1	1	3	2	2	1	4	1	5	2	1	1	2	4	2	1	5	Non-Target
141.000000	10	8.20	-6.50	5	5	2	1	7	3	4	0	0	0	3	2	1	1	1	2	2	2	4	2	1	5	5	5	5	5	5	5	3	1	Non-Target
162.000000	19	8.20	-6.50	7	8	1	1	3	3	4	0	0	0	3	2	1	1	1	2	2	2	4	2	1	5	2	5	1	2	5	2	1	1	Non-Target
162.000000	19	8.20	-6.50	7	8	1	1	3	3	4	0	0	0	3	2	1	1	1	2	2	2	4	2	1	5	2	5	1	2	5	2	1	1	Non-Target
162.000000	19	8.20	-6.50	7	8	1	1	3	3	4	0	0	0	3	2	1	1	1	2	2	2	4	2	1	5	2	5	1	2	5	2	1	1	Non-Target
141.000000	18	12.30	-6.60	8	6	1	1	4	3	3	1	0	0	2	2	1	1	1	2	3	2	1	4	1	5	2	1	1	5	5	2	1	5	Non-Target
142.000000	19	8.40	-6.50	5	7	4	1	3	3	3	1	0	0	5	2	1	1	1	2	2	3	4	2	1	2	3	5	5	2	2	3	3	1	Non-Target
147.000000	21	5.90	-0.80	7	6	3	2	2	4	2	1	0	0	2	1	1	2	1	1	2	3	2	5	4	4	2	5	1	2	3	3	1	1	Non-Target
144.000000	15	11.00	 1.20	6	5	1	0	8	4	3	0	0	0	2	1	1	2	1	1	2	2	3	5	5	2	5	5	1	1	5	5	5	5	Non-Target
161.000000	19	12.80	-6.50	7	7	3	2	1	3	4	0	0	0	3	2	1	1	1	2	2	2	4	4	1	3	1	5	2	1	1	2	2	3	Non-Target
149.000000	19	8.20	-6.50	8	7	1	4	0	3	4	0	0	0	3	2	1	1	1	2	2	2	4	2	1	4	4	1	1	2	4	2	1	1	Non-Target
147.000000	18	8.20	-6.50	4	7	3	0	6	3	4	0	0	0	3	2	1	1	1	2	2	2	3	5	5	5	2	5	1	2	5	2	3	5	Non-Target
140.000000	7	12.00	-6.50	3	8	2	0	7	3	4	0	0	0	2	2	1	1	1	2	2	2	5	3	5	5	5	5	5	2	2	2	3	5	Non-Target
143.000000	20	8.80	-6.50	8	8	0	1	3	3	3	0	0	1	2	2	1	1	1	2	2	5	1	2	1	5	4	2	1	1	2	5	2	1	Non-Target
151.000000	20	5.89	-4.90	7	7	1	2	3	3	3	0	0	1	5	5	1	1	1	2	2	2	4	4	1	3	1	2	2	1	1	5	2	2	Non-Target
140.000000	7	7.90	-6.50	4	4	0	0	12	3	4	0	0	0	5	2	1	1	1	2	2	2	5	5	5	5	5	5	5	5	5	5	1	5	Non-Target
151.000000	20	5.89	-4.90	7	7	1	2	3	3	3	0	0	1	5	5	1	1	1	2	2	2	4	4	1	3	1	2	2	1	1	5	2	2	Non-Target
140.000000	7	7.90	-6.50	4	4	0	0	12	3	4	0	0	0	5	2	1	1	1	2	2	2	5	5	5	5	5	5	5	5	5	5	1	5	Non-Target
151.000000	20	5.89	-4.90	7	7	1	2	3	3	3	0	0	1	5	5	1	1	1	2	2	2	4	4	1	3	1	2	2	1	1	5	2	2	Non-Target
140.000000	7	7.90	-6.50	4	4	0	0	12	3	4	0	0	0	5	2	1	1	1	2	2	2	5	5	5	5	5	5	5	5	5	5	1	5	Non-Target
151.000000	20	5.89	-4.90	7	7	1	2	3	3	3	0	0	1	5	5	1	1	1	2	2	2	4	4	1	3	1	2	2	1	1	5	2	2	Non-Target
140.000000	7	7.90	-6.50	4	4	0	0	12	3	4	0	0	0	5	2	1	1	1	2	2	2	5	5	5	5	5	5	5	5	5	5	1	5	Non-Target
151.000000	20	5.89	-4.90	7	7	1	2	3	3	3	0	0	1	5	5	1	1	1	2	2	2	4	4	1	3	1	2	2	1	1	5	2	2	Non-Target
140.000000	7	7.90	-6.50	4	4	0	0	12	3	4	0	0	0	5	2	1	1	1	2	2	2	5	5	5	5	5	5	5	5	5	5	1	5	Non-Target
147.000000	21	5.90	-0.80	7	6	3	2	2	4	2	1	0	0	2	1	1	2	1	1	2	3	2	5	4	4	2	5	1	2	3	3	1	1	Non-Target
144.000000	15	11.00	 1.20	6	5	1	0	8	4	3	0	0	0	2	1	1	2	1	1	2	2	3	5	5	2	5	5	1	1	5	5	5	5	Non-Target
142.000000	20	7.10	-5.80	5	8	1	2	4	3	3	1	0	0	5	3	1	1	1	2	2	2	5	2	1	2	2	5	4	4	1	2	5	2	Non-Target
140.000000	19	7.00	-5.80	8	6	1	2	3	3	3	1	0	0	5	3	1	1	1	2	2	2	5	2	1	4	2	1	1	5	2	4	1	1	Non-Target
146.000000	11	8.20	-6.50	5	5	2	1	7	3	4	0	0	0	3	2	1	1	1	2	2	2	1	4	2	1	5	5	5	5	5	5	5	3	Non-Target
143.000000	16	12.70	-6.60	7	6	3	1	3	3	3	1	0	0	3	2	1	1	1	2	3	2	1	2	1	4	2	2	5	1	3	5	5	1	Non-Target
163.000000	20	13.10	-6.50	8	6	1	1	4	3	4	0	0	0	5	2	1	1	1	2	2	2	1	4	2	1	5	2	1	1	3	5	5	1	Non-Target
146.000000	19	8.20	-6.50	6	7	1	1	5	3	4	0	0	0	3	2	1	1	1	2	2	2	1	5	5	5	2	5	4	1	2	2	5	1	Non-Target
145.000000	22	8.30	-6.50	5	8	0	4	3	3	4	0	0	0	2	2	1	1	1	2	2	2	5	4	4	4	2	1	2	5	5	4	1	2	Non-Target
144.000000	20	12.50	-6.50	5	7	2	3	3	3	4	0	0	0	5	2	1	1	1	2	2	2	5	2	5	4	4	2	3	1	1	3	4	2	Non-Target
148.000000	19	14.70	-5.80	6	7	4	0	3	3	3	1	0	0	2	3	1	1	1	2	2	2	5	3	1	5	2	1	5	3	2	2	3	1	Non-Target
155.000000	21	8.40	-6.90	6	8	1	2	3	3	3	1	0	0	5	2	1	1	1	3	2	2	5	2	1	2	5	1	4	4	1	2	2	2	Non-Target
151.000000	20	11.70	-6.90	7	7	3	1	2	3	3	1	0	0	2	2	1	1	1	3	2	2	5	3	1	2	3	4	1	1	2	5	2	1	Non-Target
149.000000	16	8.20	-6.50	4	7	3	0	6	3	4	0	0	0	3	2	1	1	1	2	2	2	5	2	5	2	5	1	5	3	2	5	3	5	Non-Target
157.000000	20	6.00	 1.20	5	8	2	0	5	4	3	0	0	0	2	1	1	2	1	1	2	2	2	5	2	2	5	5	5	3	3	1	5	2	Non-Target
141.000000	12	5.50	 1.20	5	4	0	0	11	4	3	0	0	0	5	1	1	2	1	1	2	2	5	5	2	5	1	5	5	5	5	5	5	5	Non-Target
148.000000	22	9.15	-6.50	7	6	2	4	1	3	4	0	0	0	5	2	1	1	1	2	2	2	4	1	2	4	1	2	4	4	3	1	1	3	Non-Target
144.000000	15	18.90	-6.60	7	5	4	0	4	3	3	1	0	0	3	2	1	1	1	2	3	2	1	3	1	5	2	5	1	2	5	3	5	1	Non-Target
159.000000	20	10.70	-3.90	7	8	0	1	4	3	4	0	0	0	2	1	1	2	2	1	2	2	2	4	1	1	5	1	1	5	5	2	5	2	Non-Target
140.000000	19	13.20	-3.60	7	5	2	0	6	3	3	1	0	0	5	1	1	3	2	1	2	2	3	5	1	5	1	5	1	5	2	5	2	1	Non-Target
145.000000	21	9.60	 0.60	4	9	2	3	2	2	4	1	0	0	5	2	2	2	3	1	2	1	2	5	3	4	4	2	1	2	1	2	4	2	Non-Target
151.000000	20	7.90	-3.60	8	5	3	1	3	3	3	1	0	0	5	1	1	3	2	1	2	2	3	5	1	2	1	4	1	1	5	2	1	3	Non-Target
148.000000	19	13.90	-3.90	9	4	2	0	5	3	3	1	0	0	5	1	1	2	2	1	2	3	3	1	1	5	1	5	1	1	5	5	2	1	Non-Target
150.000000	18	6.50	 0.90	8	7	2	1	2	2	4	0	0	1	1	5	2	2	2	1	2	1	4	3	1	1	2	1	3	1	5	2	1	2	Non-Target
144.000000	15	9.80	-3.60	8	5	2	0	5	3	3	1	0	0	2	1	1	3	2	1	2	2	3	5	1	2	1	5	1	1	5	5	5	1	Non-Target
141.000000	15	10.64	-3.90	7	5	1	2	5	3	4	0	0	0	5	1	1	2	2	1	2	2	5	4	4	1	1	5	1	1	5	5	2	3	Non-Target
144.000000	15	9.80	-3.60	8	5	2	0	5	3	3	1	0	0	2	1	1	3	2	1	2	2	3	5	1	2	1	5	1	1	5	5	5	1	Non-Target
141.000000	15	10.64	-3.90	7	5	1	2	5	3	4	0	0	0	5	1	1	2	2	1	2	2	5	4	4	1	1	5	1	1	5	5	2	3	Non-Target
144.000000	15	9.80	-3.60	8	5	2	0	5	3	3	1	0	0	2	1	1	3	2	1	2	2	3	5	1	2	1	5	1	1	5	5	5	1	Non-Target
141.000000	15	10.64	-3.90	7	5	1	2	5	3	4	0	0	0	5	1	1	2	2	1	2	2	5	4	4	1	1	5	1	1	5	5	2	3	Non-Target
148.000000	19	12.00	-3.60	8	4	5	0	3	3	3	1	0	0	3	1	1	3	2	1	2	2	3	1	1	5	1	5	1	5	2	3	3	1	Non-Target
142.000000	22	7.60	-3.60	8	5	1	3	3	3	3	1	0	0	5	1	1	3	2	1	2	2	5	5	1	2	4	4	1	1	4	1	1	2	Non-Target
152.000000	19	14.20	-4.80	7	6	5	0	2	3	3	1	0	0	2	1	1	2	3	1	2	2	3	1	5	2	1	1	3	5	2	3	3	1	Non-Target
140.000000	7	11.50	-3.90	5	4	0	0	11	3	4	0	0	0	5	1	1	2	2	1	2	2	5	5	5	5	1	1	5	5	5	5	5	5	Non-Target
140.000000	7	8.80	-3.60	6	4	2	0	8	5	2	0	0	0	2	2	1	1	2	1	1	1	5	5	2	5	5	5	5	3	5	5	1	3	Non-Target
144.000000	15	9.60	-3.60	6	4	2	0	8	5	2	0	0	0	5	2	1	1	2	1	1	1	5	5	2	3	5	5	2	1	5	5	5	3	Non-Target
155.000000	18	4.80	-3.60	6	8	1	2	3	3	4	0	0	0	5	1	2	2	1	2	2	1	2	4	1	2	3	5	1	4	2	2	1	5	Non-Target
141.000000	18	9.80	-3.80	7	5	3	1	4	3	3	1	0	0	5	1	2	3	1	2	2	1	2	1	3	5	3	1	5	4	1	1	2	5	Non-Target
140.000000	19	7.00	-1.50	6	6	2	0	6	4	2	1	0	0	5	2	1	1	2	3	1	1	2	1	5	3	5	2	5	1	5	2	5	2	Non-Target
140.000000	19	7.00	-1.50	6	6	2	0	6	4	2	1	0	0	5	2	1	1	2	3	1	1	2	1	5	3	5	2	5	1	5	2	5	2	Non-Target
156.000000	19	10.60	-3.60	9	4	1	0	6	5	2	0	0	0	5	2	1	1	2	1	1	1	5	1	5	3	1	5	5	1	5	2	1	2	Non-Target
154.000000	19	12.30	-3.60	6	8	2	1	3	5	2	0	0	0	2	2	1	1	2	1	1	1	2	3	5	4	3	2	2	1	5	2	5	2	Non-Target
146.000000	12	13.20	-4.90	5	7	2	0	6	2	4	0	0	1	5	5	2	2	1	2	2	1	2	3	2	1	1	1	5	5	5	5	2	3	Non-Target
156.000000	19	10.60	-3.60	9	4	1	0	6	5	2	0	0	0	5	2	1	1	2	1	1	1	5	1	5	3	1	5	5	1	5	2	1	2	Non-Target
154.000000	19	12.30	-3.60	6	8	2	1	3	5	2	0	0	0	2	2	1	1	2	1	1	1	2	3	5	4	3	2	2	1	5	2	5	2	Non-Target
146.000000	12	13.20	-4.90	5	7	2	0	6	2	4	0	0	1	5	5	2	2	1	2	2	1	2	3	2	1	1	1	5	5	5	5	2	3	Non-Target
144.000000	17	5.00	-3.60	6	8	2	1	3	3	3	1	0	0	2	1	3	2	1	2	2	1	2	1	4	2	5	1	5	2	2	1	5	3	Non-Target
154.000000	19	8.80	-3.60	7	8	0	1	4	5	2	0	0	0	2	2	1	1	2	1	1	1	5	4	2	2	1	5	2	5	2	5	1	2	Non-Target
140.000000	7	8.30	-3.60	5	4	1	0	10	5	2	0	0	0	5	2	1	1	2	1	1	1	5	3	5	5	5	2	5	5	5	5	5	2	Non-Target
154.000000	17	10.80	-3.60	7	5	1	0	7	5	2	0	0	0	5	2	1	1	2	1	1	1	2	3	2	5	1	5	5	1	5	2	5	5	Non-Target
155.000000	19	10.20	 0.30	8	7	0	1	4	3	3	0	0	1	5	5	1	2	1	1	2	2	5	1	2	2	1	2	1	1	5	1	4	2	Non-Target
160.000000	15	8.80	-3.60	8	5	1	0	6	5	2	0	0	0	2	2	1	1	2	1	1	1	5	1	3	2	1	5	2	1	5	5	5	5	Non-Target
164.000000	19	7.20	-3.60	6	8	1	0	5	3	4	0	0	0	5	1	2	2	1	2	2	1	5	5	2	1	3	1	2	5	1	5	2	2	Non-Target
153.000000	16	12.10	-3.60	7	5	0	0	8	5	2	0	0	0	5	2	1	1	2	1	1	1	5	1	5	5	1	2	2	5	2	5	5	5	Non-Target
150.000000	19	7.30	-2.20	8	5	4	1	2	3	3	1	0	0	5	1	1	3	2	1	2	2	3	4	3	5	1	2	1	1	2	3	1	1	Non-Target
141.000000	19	8.80	-2.50	6	5	3	0	6	2	4	0	0	1	5	5	1	2	2	1	2	2	5	1	3	1	2	1	5	5	1	3	3	5	Non-Target
147.000000	20	4.30	 1.30	8	6	1	2	3	3	3	0	0	1	1	5	1	2	1	2	2	1	1	1	2	1	2	5	3	5	1	4	4	2	Non-Target
148.000000	17	5.80	-2.50	6	6	2	1	5	3	4	0	0	0	5	1	1	2	2	1	2	2	5	5	5	3	1	4	2	1	2	1	5	3	Non-Target
155.000000	20	3.20	 1.30	6	8	2	1	3	3	3	1	0	0	5	2	1	2	1	3	2	1	1	1	2	4	1	2	5	5	2	3	2	2	Non-Target
145.000000	18	6.70	 0.10	6	7	2	1	4	2	4	1	0	0	5	2	1	2	3	2	2	1	1	1	5	4	2	1	3	5	1	2	2	5	Non-Target
143.000000	21	10.30	 0.10	7	8	0	2	3	2	4	0	0	1	5	2	1	2	1	2	2	5	1	1	4	4	2	1	2	1	5	2	1	2	Non-Target
154.000000	15	15.20	-3.00	10	3	1	1	5	5	2	0	0	0	1	1	1	1	2	2	1	1	4	1	1	3	1	5	2	1	5	5	5	5	Non-Target
151.000000	21	16.60	-2.70	10	3	4	2	1	5	1	1	0	0	3	1	1	1	3	2	1	1	4	4	2	1	1	1	1	2	3	3	1	5	Non-Target
144.000000	17	11.70	-2.30	7	5	2	1	5	4	3	0	0	0	5	2	2	1	1	1	2	1	5	5	1	3	3	5	2	4	2	1	1	5	Non-Target
143.000000	21	19.10	-2.70	12	2	2	2	2	5	1	1	0	0	1	1	1	1	3	2	1	1	5	1	1	3	1	4	4	2	5	1	1	1	Non-Target
150.000000	19	22.10	-3.00	7	5	3	1	4	5	2	0	0	0	5	1	1	1	2	2	1	1	3	3	4	3	1	5	2	5	1	2	5	2	Non-Target
148.000000	11	20.40	-3.00	8	2	3	0	7	5	2	0	0	0	3	1	1	1	2	2	1	1	3	1	5	1	5	5	5	1	3	5	5	5	Non-Target
143.000000	14	21.60	-3.00	8	4	1	0	7	5	1	1	0	0	5	1	1	1	2	3	1	1	2	1	1	5	5	2	1	5	5	5	2	5	Non-Target
141.000000	16	8.40	-2.20	7	5	3	0	5	4	2	1	0	0	2	3	1	1	2	2	1	1	2	1	5	5	2	5	1	1	3	5	5	3	Non-Target
146.000000	13	9.40	-2.70	8	5	1	0	6	5	1	1	0	0	2	1	1	1	3	2	1	1	5	1	1	1	2	2	5	5	5	5	5	2	Non-Target
142.000000	17	7.60	-1.50	7	5	4	0	4	3	2	2	0	0	5	1	3	3	2	2	1	1	2	1	1	5	2	2	1	1	3	3	5	5	Non-Target
150.000000	17	8.60	-1.50	8	3	6	0	3	4	2	1	0	0	5	1	3	1	2	2	1	1	3	3	1	1	2	5	1	1	3	3	5	3	Non-Target
146.000000	17	11.80	-3.00	8	4	3	0	5	5	1	1	0	0	5	1	1	1	2	3	1	1	3	5	1	1	2	2	5	5	2	1	5	3	Non-Target
140.000000	15	10.20	-1.50	7	4	2	0	7	4	2	1	0	0	5	1	1	3	2	2	1	1	2	5	1	5	2	5	1	1	5	5	5	3	Non-Target
140.000000	18	11.20	-2.80	7	6	0	0	7	4	2	0	0	1	5	5	1	1	2	2	1	1	2	5	5	5	5	5	1	1	2	1	2	2	Non-Target
146.000000	17	7.60	-4.80	7	5	1	0	7	5	2	0	0	0	2	1	1	1	2	1	2	1	5	2	5	5	5	1	5	1	3	2	5	5	Non-Target
144.000000	14	5.50	-4.80	6	6	0	2	6	5	2	0	0	0	5	1	1	1	2	1	2	1	4	4	2	2	5	2	1	5	5	5	5	2	Non-Target
143.000000	16	6.50	-4.80	7	6	2	1	4	4	2	1	0	0	2	3	1	1	2	1	2	1	2	4	1	2	5	1	2	1	3	5	5	5	Non-Target
143.000000	16	5.70	-4.80	7	6	2	1	4	4	2	1	0	0	5	3	1	1	2	1	2	1	4	2	2	1	5	3	1	2	1	5	5	2	Non-Target
142.000000	20	7.00	-5.20	9	6	1	2	2	4	2	0	0	1	2	5	1	1	2	1	2	1	5	3	1	2	1	1	4	2	1	4	1	2	Non-Target
142.000000	19	7.20	-3.90	8	4	4	1	3	5	1	1	0	0	5	1	1	1	3	1	2	1	4	2	3	1	5	3	1	2	1	3	5	2	Non-Target
142.000000	19	7.20	-3.90	8	4	4	1	3	5	1	1	0	0	5	1	1	1	3	1	2	1	4	2	3	1	5	3	1	2	1	3	5	2	Non-Target
141.000000	12	6.20	-4.80	7	3	0	0	10	5	2	0	0	0	5	1	1	1	2	1	2	1	5	5	5	2	1	5	5	5	5	5	5	1	Non-Target
143.000000	10	14.60	-4.80	6	3	1	0	10	5	2	0	0	0	2	1	1	1	2	1	2	1	5	3	1	5	5	5	5	5	5	5	5	5	Non-Target
140.000000	19	10.60	-8.50	9	4	2	3	2	4	2	1	0	0	5	1	3	1	2	1	2	1	4	4	4	3	2	1	5	1	1	2	1	1	Non-Target
142.000000	11	9.50	-4.80	6	4	1	1	8	5	2	0	0	0	2	1	1	1	2	1	2	1	4	3	2	1	5	5	5	5	5	5	5	5	Non-Target
140.000000	18	6.80	-3.90	9	4	3	2	2	5	1	1	0	0	2	1	1	1	3	1	2	1	3	3	1	4	4	1	2	1	1	5	2	5	Non-Target
140.000000	18	12.40	-0.30	3	8	4	0	5	1	5	0	0	1	5	5	2	2	2	2	1	2	3	3	5	3	3	2	1	2	5	5	1	2	Non-Target
158.000000	21	6.30	-0.30	5	9	2	2	2	2	5	0	0	0	1	1	2	2	2	2	1	2	2	3	4	3	5	5	2	1	2	2	4	1	Non-Target
149.000000	15	11.90	-0.30	3	9	2	0	6	1	5	0	0	1	5	5	2	2	2	2	1	2	2	1	3	2	2	5	1	2	3	5	5	5	Non-Target
160.000000	18	8.50	-0.30	3	12	1	0	4	1	5	0	0	1	5	5	2	2	2	2	1	2	2	1	2	2	2	5	1	2	3	5	2	2	Non-Target
157.000000	18	6.30	-0.30	4	10	2	1	3	2	5	0	0	0	1	1	2	2	2	2	1	2	2	3	4	2	5	5	2	1	2	2	3	5	Non-Target
140.000000	18	6.30	-1.10	8	5	4	2	1	3	3	1	0	0	1	2	1	3	2	1	2	1	4	4	1	2	1	2	1	5	1	3	3	3	Non-Target
150.000000	15	-5.90	-0.60	7	7	0	1	5	3	4	0	0	0	1	1	2	1	2	2	1	2	5	1	4	2	5	2	1	2	5	5	5	1	Non-Target
150.000000	19	7.50	-0.90	6	7	4	1	2	3	3	1	0	0	5	1	2	1	3	2	1	2	5	1	2	2	3	2	4	1	3	2	1	3	Non-Target
141.000000	19	7.07	-0.60	8	6	2	2	2	3	3	1	0	0	1	1	2	1	2	2	1	3	1	1	2	5	5	2	4	4	1	3	2	1	Non-Target
140.000000	7	5.10	-0.60	3	4	3	0	10	3	4	0	0	0	5	1	2	1	2	2	1	2	5	5	5	3	5	5	5	5	5	3	3	5	Non-Target
147.000000	20	6.10	-0.30	6	8	2	1	3	2	4	1	0	0	1	1	2	3	2	2	1	2	5	4	1	2	5	5	2	1	2	2	3	1	Non-Target
151.000000	19	4.00	-2.70	8	6	2	1	3	3	3	0	0	1	5	5	1	1	1	2	2	2	1	1	2	4	1	1	3	3	5	2	1	2	Non-Target
151.000000	19	4.00	-2.70	8	6	2	1	3	3	3	0	0	1	5	5	1	1	1	2	2	2	1	1	2	4	1	1	3	3	5	2	1	2	Non-Target
151.000000	19	4.00	-2.70	8	6	2	1	3	3	3	0	0	1	5	5	1	1	1	2	2	2	1	1	2	4	1	1	3	3	5	2	1	2	Non-Target
151.000000	19	4.00	-2.70	8	6	2	1	3	3	3	0	0	1	5	5	1	1	1	2	2	2	1	1	2	4	1	1	3	3	5	2	1	2	Non-Target
151.000000	19	4.00	-2.70	8	6	2	1	3	3	3	0	0	1	5	5	1	1	1	2	2	2	1	1	2	4	1	1	3	3	5	2	1	2	Non-Target
152.000000	19	9.00	 1.50	7	5	5	0	3	2	4	1	0	0	5	1	3	1	2	2	2	2	1	2	3	3	3	1	1	5	1	5	3	1	Non-Target
161.000000	16	12.40	 1.50	5	8	4	0	3	2	5	0	0	0	2	1	2	1	2	2	2	2	1	3	2	2	3	3	5	3	1	5	5	1	Non-Target
152.000000	11	4.00	 1.50	2	10	3	0	5	2	5	0	0	0	2	1	2	1	2	2	2	2	5	2	2	2	5	3	3	5	3	5	2	5	Non-Target
142.000000	13	8.30	-1.20	8	3	3	0	6	3	3	1	0	0	5	1	2	1	3	2	1	2	1	5	3	1	1	1	5	5	5	3	5	1	Non-Target
150.000000	13	9.50	-2.30	8	4	2	0	6	4	3	0	0	0	3	2	2	1	1	1	2	1	5	5	3	1	2	1	5	5	5	1	5	1	Non-Target
141.000000	8	10.70	-2.30	4	4	3	0	9	4	3	0	0	0	3	2	2	1	1	1	2	1	3	5	5	5	3	5	2	5	5	5	5	5	Non-Target
140.000000	19	8.10	 1.20	5	8	3	0	4	2	3	2	0	0	5	1	3	1	2	2	2	3	1	2	2	2	3	1	5	2	5	2	5	1	Non-Target
142.000000	24	6.40	 1.50	5	7	1	5	2	2	5	0	0	0	2	1	2	1	2	2	2	2	4	4	4	1	5	5	3	2	1	1	4	4	Non-Target
150.000000	19	8.50	 1.30	4	10	4	1	1	2	4	1	0	0	2	1	2	1	2	3	2	2	1	2	2	3	2	3	5	2	4	2	3	1	Non-Target
143.000000	16	6.20	 1.50	4	7	1	1	7	2	5	0	0	0	5	1	2	1	2	2	2	2	5	5	5	2	4	2	1	1	3	5	5	5	Non-Target
143.000000	10	4.80	 1.50	3	6	3	0	8	2	5	0	0	0	5	1	2	1	2	2	2	2	5	2	3	5	5	1	5	5	3	5	3	5	Non-Target
140.000000	21	11.80	-3.90	6	8	1	1	4	3	3	0	0	1	5	1	2	1	1	2	2	5	1	2	4	2	2	5	5	2	1	1	3	2	Non-Target
152.000000	23	12.10	-3.90	6	6	1	3	4	3	4	0	0	0	5	1	2	1	1	2	2	2	1	5	5	2	4	4	4	2	1	5	3	1	Non-Target
152.000000	21	5.60	-3.90	4	8	3	1	4	3	4	0	0	0	5	1	2	1	1	2	2	2	5	2	5	2	4	1	3	2	3	3	5	2	Non-Target
149.000000	19	11.80	-3.90	6	7	1	2	4	3	4	0	0	0	5	1	2	1	1	2	2	2	5	4	4	2	2	5	3	1	5	2	1	1	Non-Target
140.000000	21	8.90	-1.30	4	7	4	1	4	2	4	1	0	0	3	1	2	1	3	2	2	2	5	5	2	5	2	1	4	3	5	1	3	2	Non-Target
151.000000	21	-8.10	-3.00	7	6	1	2	4	3	4	0	0	0	1	2	1	1	2	2	2	1	4	4	2	1	5	2	5	1	3	5	1	5	Non-Target
152.000000	23	9.30	-3.90	5	7	3	2	3	3	4	0	0	0	5	1	2	1	1	2	2	2	4	1	2	2	4	2	3	3	5	5	1	3	Non-Target
145.000000	22	5.50	-2.70	5	8	2	1	4	3	3	0	0	1	5	1	2	1	1	5	2	2	5	2	5	2	2	1	3	2	1	3	4	2	Non-Target
142.000000	19	8.70	-3.20	7	6	4	1	2	3	3	1	0	0	1	1	3	1	1	2	2	2	5	2	4	2	3	3	1	5	1	1	3	2	Non-Target
142.000000	9	15.00	-5.10	7	4	2	0	7	4	3	0	0	0	1	2	1	1	1	2	1	2	5	1	5	5	3	1	5	5	5	2	5	3	Non-Target
142.000000	9	8.80	-5.10	7	4	2	0	7	4	3	0	0	0	1	2	1	1	1	2	1	2	5	1	5	5	3	1	5	5	5	2	5	3	Non-Target
149.000000	16	17.20	-5.10	6	4	3	0	7	4	3	0	0	0	5	2	1	1	1	2	1	2	5	1	5	2	5	1	3	3	3	5	5	5	Non-Target
149.000000	18	9.40	-5.10	8	4	2	1	5	4	3	0	0	0	5	2	1	1	1	2	1	2	5	1	4	1	2	1	5	3	3	5	1	5	Non-Target
150.000000	19	-5.60	-1.60	5	7	3	1	4	3	4	0	0	0	5	2	2	1	2	1	2	1	4	2	1	2	3	5	5	5	3	1	3	2	Non-Target
144.000000	15	17.30	-5.10	5	5	6	0	4	3	3	1	0	0	5	2	1	1	1	2	3	2	3	3	1	2	3	3	2	3	5	5	1	5	Non-Target
141.000000	18	6.20	-5.10	4	8	3	1	4	3	3	1	0	0	5	2	1	1	1	2	3	2	2	5	1	5	3	3	2	2	4	2	2	5	Non-Target
140.000000	15	10.00	-5.10	5	5	5	0	5	3	3	1	0	0	5	2	1	1	1	2	3	2	2	3	1	5	3	3	2	3	5	5	1	5	Non-Target
141.000000	19	12.50	-5.10	5	7	4	2	2	3	3	1	0	0	5	2	1	1	1	2	3	2	1	4	4	2	2	3	3	2	2	5	1	3	Non-Target
140.000000	19	9.00	-5.10	7	4	6	0	3	3	3	1	0	0	1	2	1	1	1	2	3	2	5	3	5	1	3	1	3	3	2	5	1	3	Non-Target
140.000000	19	9.00	-5.10	7	4	6	0	3	3	3	1	0	0	1	2	1	1	1	2	3	2	5	3	5	1	3	1	3	3	2	5	1	3	Non-Target
142.000000	13	20.20	-5.10	8	3	4	0	5	3	3	1	0	0	5	2	1	1	1	2	3	2	1	1	1	3	5	1	5	3	5	5	1	3	Non-Target
142.000000	21	17.20	-4.20	6	6	4	2	2	4	2	0	0	1	5	5	1	1	1	2	1	2	3	1	3	4	4	2	2	1	2	3	3	2	Non-Target
146.000000	21	10.70	-4.20	7	6	3	2	2	4	2	0	0	1	5	5	1	1	1	2	1	2	2	1	3	1	4	4	2	1	2	3	3	2	Non-Target
141.000000	11	18.70	-5.20	6	4	2	0	8	4	2	0	0	1	5	5	1	1	1	2	1	2	3	1	1	2	2	5	5	5	5	5	5	3	Non-Target
140.000000	17	16.00	-3.60	5	7	2	1	5	3	3	1	0	0	5	2	1	1	3	2	1	2	5	1	1	2	3	4	2	2	5	2	5	5	Non-Target
149.000000	12	5.40	-3.70	4	5	4	0	7	4	3	0	0	0	5	1	1	2	2	1	2	1	5	2	3	2	3	5	3	5	5	5	3	5	Non-Target
141.000000	18	4.80	-1.30	3	10	3	1	3	3	3	1	0	0	2	1	1	2	2	3	2	1	5	2	5	4	2	3	2	2	3	2	2	5	Non-Target
140.000000	7	5.10	-3.70	4	4	2	0	10	4	3	0	0	0	5	1	1	2	2	1	2	1	5	5	5	5	5	5	5	3	5	3	5	2	Non-Target
140.000000	21	6.20	-0.70	6	8	2	1	3	3	3	0	0	1	5	1	1	2	2	5	2	1	2	5	1	2	1	2	4	2	2	3	3	1	Non-Target
141.000000	18	4.80	-1.30	3	10	3	1	3	3	3	1	0	0	2	1	1	2	2	3	2	1	5	2	5	4	2	3	2	2	3	2	2	5	Non-Target
140.000000	7	5.10	-3.70	4	4	2	0	10	4	3	0	0	0	5	1	1	2	2	1	2	1	5	5	5	5	5	5	5	3	5	3	5	2	Non-Target
140.000000	21	6.20	-0.70	6	8	2	1	3	3	3	0	0	1	5	1	1	2	2	5	2	1	2	5	1	2	1	2	4	2	2	3	3	1	Non-Target
141.000000	18	4.80	-1.30	3	10	3	1	3	3	3	1	0	0	2	1	1	2	2	3	2	1	5	2	5	4	2	3	2	2	3	2	2	5	Non-Target
140.000000	7	5.10	-3.70	4	4	2	0	10	4	3	0	0	0	5	1	1	2	2	1	2	1	5	5	5	5	5	5	5	3	5	3	5	2	Non-Target
140.000000	21	6.20	-0.70	6	8	2	1	3	3	3	0	0	1	5	1	1	2	2	5	2	1	2	5	1	2	1	2	4	2	2	3	3	1	Non-Target
151.000000	14	8.70	-3.70	6	5	1	0	8	4	3	0	0	0	5	1	1	2	2	1	2	1	5	2	1	5	1	5	2	5	5	5	3	5	Non-Target
153.000000	20	5.60	-3.70	7	4	4	0	5	4	3	0	0	0	5	1	1	2	2	1	2	1	5	5	1	3	1	5	3	5	3	3	1	2	Non-Target
144.000000	14	9.00	-3.70	5	5	3	2	5	4	3	0	0	0	5	1	1	2	2	1	2	1	4	4	3	2	1	2	3	5	3	5	5	5	Non-Target
148.000000	21	5.80	-3.70	6	8	0	1	5	4	3	0	0	0	2	1	1	2	2	1	2	1	5	5	5	2	1	4	2	2	5	5	2	1	Non-Target
140.000000	21	5.10	-4.60	5	7	3	1	4	3	3	1	0	0	5	3	1	2	2	1	2	1	2	5	3	5	1	2	5	3	2	4	2	1	Non-Target
148.000000	20	4.10	-3.70	5	9	2	3	1	4	3	0	0	0	2	1	1	2	2	1	2	1	4	4	3	2	5	2	2	3	2	4	1	2	Non-Target
140.000000	22	6.70	-4.60	4	9	1	2	4	3	3	1	0	0	2	3	1	2	2	1	2	1	5	5	5	2	1	4	4	2	2	5	2	2	Non-Target
148.000000	20	-4.40	-3.70	6	6	2	4	2	4	3	0	0	0	5	1	1	2	2	1	2	1	4	4	4	4	1	5	3	2	2	2	1	3	Non-Target
141.000000	20	5.10	-4.60	4	7	6	2	1	3	3	1	0	0	5	3	1	2	2	1	2	1	2	4	1	4	3	2	3	3	2	2	3	3	Non-Target
140.000000	18	4.60	-1.30	6	9	1	2	2	1	5	0	0	1	1	5	2	1	2	2	2	2	4	2	1	2	3	4	1	2	1	5	1	2	Non-Target
149.000000	12	5.70	-3.70	5	6	2	0	7	4	3	0	0	0	5	1	1	2	2	1	2	1	2	5	5	2	1	5	5	3	5	2	3	5	Non-Target
149.000000	12	4.10	-3.70	6	5	2	0	7	4	3	0	0	0	5	1	1	2	2	1	2	1	2	5	1	5	1	5	5	2	5	5	3	3	Non-Target
150.000000	19	5.50	-3.70	7	6	1	1	5	4	3	0	0	0	5	1	1	2	2	1	2	1	5	4	1	3	1	2	5	5	2	5	1	2	Non-Target
159.000000	20	7.10	-3.70	7	6	4	1	2	4	3	0	0	0	2	1	1	2	2	1	2	1	2	5	1	3	1	4	2	3	3	5	1	3	Non-Target
155.000000	18	12.00	-3.40	6	8	3	0	3	3	3	1	0	0	2	1	2	3	2	1	1	2	2	2	3	1	3	2	1	5	5	1	2	5	Non-Target
145.000000	20	11.10	-3.40	5	5	6	0	4	3	3	1	0	0	5	1	3	2	2	1	1	2	3	5	3	1	5	2	1	5	3	3	3	2	Non-Target
143.000000	20	6.14	-2.70	6	7	1	1	5	3	3	1	0	0	5	1	2	2	3	1	1	2	4	2	2	5	5	5	1	1	2	1	2	5	Non-Target
143.000000	20	6.60	-3.40	5	8	3	1	3	3	3	1	0	0	2	1	3	2	2	1	1	2	3	2	5	5	2	5	3	1	2	1	4	2	Non-Target
141.000000	20	7.50	-3.70	6	6	3	0	5	3	3	1	0	0	2	1	2	2	2	1	1	3	2	5	5	5	3	2	1	1	5	1	3	5	Non-Target
141.000000	19	7.00	-3.70	5	8	2	2	3	3	3	1	0	0	5	1	2	2	2	1	1	3	2	5	2	1	3	4	4	1	2	5	2	2	Non-Target
148.000000	19	4.70	-1.10	5	10	1	2	2	2	4	1	0	0	5	1	2	2	2	3	1	2	2	4	2	1	2	4	1	1	2	5	2	2	Non-Target
142.000000	20	8.20	-3.70	5	8	3	2	2	3	3	1	0	0	2	1	2	2	2	1	1	3	2	5	2	1	4	4	3	1	2	5	3	2	Non-Target
148.000000	19	4.70	-1.10	5	10	1	2	2	2	4	1	0	0	5	1	2	2	2	3	1	2	2	4	2	1	2	4	1	1	2	5	2	2	Non-Target
153.000000	20	6.10	-3.40	5	6	4	0	5	3	4	0	0	0	3	1	2	2	2	1	1	2	3	2	2	5	5	5	3	1	5	1	3	5	Non-Target
154.000000	19	6.60	-3.90	8	5	2	1	4	6	1	0	0	0	5	1	1	1	2	1	1	1	2	5	2	4	1	1	5	5	3	3	2	2	Non-Target
141.000000	12	8.60	-3.90	7	4	3	0	6	5	1	1	0	0	5	1	1	3	2	1	1	1	2	2	3	1	3	5	5	5	1	5	2	5	Non-Target
143.000000	18	7.70	-1.60	6	5	5	0	4	3	3	1	0	0	3	2	2	1	2	1	3	1	3	2	5	5	1	1	1	5	2	3	3	5	Non-Target
152.000000	19	4.80	-3.40	4	8	3	0	5	3	4	0	0	0	3	1	2	2	2	1	1	2	5	2	5	5	2	2	1	5	3	3	5	2	Non-Target
168.000000	21	7.50	-3.40	7	9	1	1	2	3	4	0	0	0	2	1	2	2	2	1	1	2	3	2	2	1	5	5	4	1	1	2	1	2	Non-Target
144.000000	18	7.30	-3.40	5	9	1	0	5	2	4	0	0	1	2	5	2	2	2	1	1	2	2	2	2	1	3	5	1	5	5	1	5	2	Non-Target
148.000000	21	11.60	-3.70	5	7	5	1	2	3	3	1	0	0	5	1	2	2	2	1	1	3	3	2	2	4	1	3	2	5	1	3	3	2	Non-Target
141.000000	19	5.00	-0.80	3	10	4	2	1	2	4	1	0	0	2	1	2	2	2	1	3	2	3	2	2	4	4	2	3	1	2	3	5	2	Non-Target
140.000000	21	11.44	-1.10	4	8	2	1	5	2	4	1	0	0	3	1	2	2	2	3	1	2	4	2	2	2	1	5	5	5	5	2	1	5	Non-Target
145.000000	19	5.20	 1.00	3	10	0	2	5	2	5	0	0	0	5	2	2	2	2	1	1	2	5	4	4	2	5	2	5	5	1	2	2	2	Non-Target
141.000000	18	7.30	 1.00	3	10	2	2	3	2	4	0	0	1	5	5	2	2	2	1	1	2	2	3	2	4	4	2	1	5	3	2	2	2	Non-Target
148.000000	13	6.40	-3.40	4	9	0	1	6	3	4	0	0	0	2	1	2	2	2	1	1	2	4	2	5	2	1	2	5	5	5	2	5	5	Non-Target
141.000000	20	5.10	-1.10	5	8	3	0	4	2	3	2	0	0	3	1	2	3	2	3	1	2	2	2	5	1	2	5	1	5	2	1	5	2	Non-Target
141.000000	16	5.80	-3.40	5	7	3	0	5	3	3	1	0	0	3	1	3	2	2	1	1	2	2	5	5	1	3	2	1	5	2	5	5	2	Non-Target
148.000000	13	6.40	-3.40	4	9	0	1	6	3	4	0	0	0	2	1	2	2	2	1	1	2	4	2	5	2	1	2	5	5	5	2	5	5	Non-Target
141.000000	20	5.10	-1.10	5	8	3	0	4	2	3	2	0	0	3	1	2	3	2	3	1	2	2	2	5	1	2	5	1	5	2	1	5	2	Non-Target
141.000000	16	5.80	-3.40	5	7	3	0	5	3	3	1	0	0	3	1	3	2	2	1	1	2	2	5	5	1	3	2	1	5	2	5	5	2	Non-Target
148.000000	13	6.40	-3.40	4	9	0	1	6	3	4	0	0	0	2	1	2	2	2	1	1	2	4	2	5	2	1	2	5	5	5	2	5	5	Non-Target
141.000000	16	5.80	-3.40	5	7	3	0	5	3	3	1	0	0	3	1	3	2	2	1	1	2	2	5	5	1	3	2	1	5	2	5	5	2	Non-Target
148.000000	13	6.40	-3.40	4	9	0	1	6	3	4	0	0	0	2	1	2	2	2	1	1	2	4	2	5	2	1	2	5	5	5	2	5	5	Non-Target
141.000000	20	5.10	-1.10	5	8	3	0	4	2	3	2	0	0	3	1	2	3	2	3	1	2	2	2	5	1	2	5	1	5	2	1	5	2	Non-Target
141.000000	16	5.80	-3.40	5	7	3	0	5	3	3	1	0	0	3	1	3	2	2	1	1	2	2	5	5	1	3	2	1	5	2	5	5	2	Non-Target
148.000000	13	6.40	-3.40	4	9	0	1	6	3	4	0	0	0	2	1	2	2	2	1	1	2	4	2	5	2	1	2	5	5	5	2	5	5	Non-Target
141.000000	20	5.10	-1.10	5	8	3	0	4	2	3	2	0	0	3	1	2	3	2	3	1	2	2	2	5	1	2	5	1	5	2	1	5	2	Non-Target
141.000000	16	5.80	-3.40	5	7	3	0	5	3	3	1	0	0	3	1	3	2	2	1	1	2	2	5	5	1	3	2	1	5	2	5	5	2	Non-Target
141.000000	20	5.10	-1.10	5	8	3	0	4	2	3	2	0	0	3	1	2	3	2	3	1	2	2	2	5	1	2	5	1	5	2	1	5	2	Non-Target
141.000000	16	5.80	-3.40	5	7	3	0	5	3	3	1	0	0	3	1	3	2	2	1	1	2	2	5	5	1	3	2	1	5	2	5	5	2	Non-Target
153.000000	20	6.65	 1.00	4	10	0	2	4	2	5	0	0	0	5	2	2	2	2	1	1	2	2	4	1	5	2	5	2	5	4	1	2	2	Non-Target
143.000000	20	4.86	-1.20	3	10	1	1	5	2	4	1	0	0	5	3	2	2	2	1	1	2	2	5	2	4	2	2	2	2	5	5	5	1	Non-Target
141.000000	20	5.10	-1.10	5	8	3	0	4	2	3	2	0	0	3	1	2	3	2	3	1	2	2	2	5	1	2	5	1	5	2	1	5	2	Non-Target
141.000000	16	5.80	-3.40	5	7	3	0	5	3	3	1	0	0	3	1	3	2	2	1	1	2	2	5	5	1	3	2	1	5	2	5	5	2	Non-Target
153.000000	20	6.65	 1.00	4	10	0	2	4	2	5	0	0	0	5	2	2	2	2	1	1	2	2	4	1	5	2	5	2	5	4	1	2	2	Non-Target
149.000000	20	6.30	-2.70	6	9	1	2	2	3	3	1	0	0	5	1	2	2	3	1	1	2	2	5	2	1	4	2	1	4	2	1	2	2	Non-Target
142.000000	9	4.80	-3.40	5	5	1	0	9	3	4	0	0	0	3	1	2	2	2	1	1	2	5	2	5	5	5	5	1	5	5	1	5	5	Non-Target
140.000000	19	6.90	-3.40	6	7	2	0	5	3	3	1	0	0	2	1	3	2	2	1	1	2	5	2	5	1	2	5	1	5	5	1	3	2	Non-Target
154.000000	19	7.20	-3.40	5	8	3	1	3	3	4	0	0	0	3	1	2	2	2	1	1	2	3	2	5	5	4	2	3	1	2	1	5	2	Non-Target
140.000000	17	5.10	-0.80	4	8	2	1	5	2	4	1	0	0	5	1	2	2	2	1	3	2	2	5	2	5	2	4	2	1	1	3	5	5	Non-Target
157.000000	20	10.60	-3.40	4	8	3	0	5	3	4	0	0	0	5	1	2	2	2	1	1	2	3	5	2	1	2	5	3	5	2	5	3	2	Non-Target
163.000000	14	5.50	-1.20	4	10	1	0	5	2	5	0	0	0	2	2	2	2	2	1	1	2	2	2	5	1	2	2	3	5	5	1	5	5	Non-Target
154.000000	13	5.80	-1.20	3	9	0	0	8	2	5	0	0	0	2	2	2	2	2	1	1	2	2	5	5	1	2	2	5	5	5	5	5	5	Non-Target
148.000000	14	5.70	-1.20	3	10	3	0	4	2	4	0	0	1	3	5	2	2	2	1	1	2	2	2	2	3	2	5	2	2	5	5	1	3	Non-Target
153.000000	20	9.70	-3.90	6	5	3	0	6	5	2	0	0	0	5	1	1	2	1	1	2	1	5	2	1	3	5	2	5	2	5	5	3	3	Non-Target
155.000000	16	9.00	 1.10	7	7	0	1	5	2	5	0	0	0	1	1	2	2	2	2	2	1	2	4	1	5	5	1	2	1	1	5	5	5	Non-Target
160.000000	17	5.50	-3.90	7	6	2	1	4	5	2	0	0	0	5	1	1	2	1	1	2	1	2	2	5	3	4	1	2	2	3	1	5	5	Non-Target
150.000000	17	11.90	-3.90	7	4	3	0	6	5	2	0	0	0	5	1	1	2	1	1	2	1	3	5	1	5	3	5	2	5	1	2	5	3	Non-Target
147.000000	23	12.85	-3.90	8	4	1	2	5	5	2	0	0	0	5	1	1	2	1	1	2	1	3	5	1	5	4	4	1	2	5	5	1	2	Non-Target
146.000000	22	10.40	-3.80	7	6	1	3	3	4	2	1	0	0	5	1	1	2	1	1	2	3	4	2	2	1	5	1	5	2	2	1	4	4	Non-Target
140.000000	7	10.70	-3.90	6	3	0	0	11	5	2	0	0	0	5	1	1	2	1	1	2	1	5	5	5	5	5	5	5	2	1	5	5	5	Non-Target
151.000000	16	8.80	-3.90	6	6	1	1	6	5	2	0	0	0	5	1	1	2	1	1	2	1	5	2	1	4	3	5	2	2	2	5	5	5	Non-Target
145.000000	16	4.80	 1.10	3	8	1	0	8	2	5	0	0	0	5	1	2	2	2	2	2	1	5	5	5	2	5	2	1	5	2	5	5	3	Non-Target
142.000000	9	4.70	 1.10	6	5	0	0	9	2	5	0	0	0	5	1	2	2	2	2	2	1	5	1	5	5	5	5	1	1	5	1	5	5	Non-Target
151.000000	20	-13.70	-3.90	9	3	2	1	5	5	2	0	0	0	5	1	1	2	1	1	2	1	5	4	1	5	1	2	5	3	1	5	1	3	Non-Target
141.000000	10	5.70	-3.60	6	5	1	1	7	3	4	0	0	0	5	1	2	2	1	2	2	1	4	1	2	5	5	5	5	1	5	1	3	5	Non-Target
144.000000	20	11.70	-1.30	7	7	1	1	4	3	2	1	0	1	5	5	1	2	1	3	2	1	2	5	1	4	2	1	2	2	5	1	2	1	Non-Target
140.000000	15	12.70	-3.90	4	6	4	0	6	4	2	1	0	0	5	3	1	2	1	1	2	1	5	3	3	2	5	2	2	2	5	5	5	3	Non-Target
140.000000	7	3.70	-0.80	5	6	1	0	8	3	4	0	0	0	2	1	2	1	2	2	1	2	5	5	5	5	5	2	1	5	5	5	1	3	Non-Target
160.000000	15	5.10	-0.80	7	6	2	0	5	3	4	0	0	0	2	1	2	1	2	2	1	2	5	1	1	5	1	2	1	3	5	3	5	5	Non-Target
141.000000	16	6.00	-0.80	3	7	1	0	9	3	4	0	0	0	5	1	2	1	2	2	1	2	5	5	5	5	5	2	3	2	2	5	5	5	Non-Target
154.000000	19	-5.00	-0.80	7	6	3	1	3	4	3	0	0	0	3	1	2	1	1	2	1	2	5	4	2	3	5	5	2	1	3	1	2	1	Non-Target
145.000000	8	7.40	-2.00	3	6	0	0	11	3	4	0	0	0	5	2	1	1	2	1	2	2	2	5	5	5	5	5	5	5	5	2	5	5	Non-Target
157.000000	17	14.70	-1.30	8	7	1	1	3	3	3	0	0	1	5	5	1	1	2	1	2	2	2	3	1	1	1	2	4	1	1	2	2	5	Non-Target
156.000000	11	9.00	-2.00	5	5	2	0	8	3	4	0	0	0	5	2	1	1	2	1	2	2	3	2	1	1	5	5	5	5	5	5	3	5	Non-Target
143.000000	20	7.90	-2.00	6	8	2	1	3	2	4	0	0	1	5	2	1	1	2	5	2	2	2	3	1	4	1	1	2	1	3	2	2	5	Non-Target
143.000000	19	5.30	-1.30	7	6	2	1	4	3	3	0	0	1	3	5	1	1	2	1	2	2	3	5	5	1	1	2	1	4	2	5	2	1	Non-Target
141.000000	20	15.90	-2.20	7	4	3	0	6	3	3	1	0	0	5	3	1	1	2	1	2	2	5	3	5	1	1	5	1	5	2	5	3	1	Non-Target
151.000000	20	9.09	-3.60	7	7	1	1	4	3	4	0	0	0	1	1	2	2	2	1	1	2	1	5	5	5	5	2	2	4	1	2	1	3	Non-Target
143.000000	14	3.40	-2.00	6	7	1	0	6	3	3	1	0	0	1	2	1	1	2	1	3	2	2	2	5	1	5	2	1	5	5	5	2	5	Non-Target
164.000000	22	2.90	-2.00	6	8	1	2	3	3	4	0	0	0	5	2	1	1	2	1	2	2	2	4	4	2	1	5	1	2	1	3	2	5	Non-Target
163.000000	23	4.30	-2.00	7	7	2	3	1	3	4	0	0	0	3	2	1	1	2	1	2	2	2	3	1	5	1	2	4	4	1	1	2	4	Non-Target
141.000000	20	6.50	-2.00	5	7	3	0	5	3	3	1	0	0	1	2	1	1	2	1	3	2	3	2	5	5	5	5	1	3	2	2	2	5	Non-Target
140.000000	17	9.50	-4.60	6	6	4	1	3	3	3	1	0	0	3	1	2	2	3	1	1	2	1	4	1	5	2	5	3	2	1	2	5	3	Non-Target
154.000000	16	13.40	-2.00	7	6	1	2	4	3	4	0	0	0	5	2	1	1	2	1	2	2	4	4	1	1	5	2	1	1	2	5	3	5	Non-Target
140.000000	7	2.70	-2.00	4	5	0	0	11	3	4	0	0	0	5	2	1	1	2	1	2	2	5	5	5	5	5	5	5	5	2	5	5	1	Non-Target
154.000000	20	12.20	-2.00	9	5	2	2	2	3	3	1	0	0	5	2	1	1	2	1	2	3	5	3	1	1	1	2	1	1	4	4	2	1	Non-Target
141.000000	16	8.10	-2.00	8	5	2	0	5	3	3	1	0	0	1	2	1	1	2	1	2	3	2	3	1	5	1	5	1	5	2	5	5	1	Non-Target
164.000000	15	4.60	-2.00	7	6	2	0	5	3	4	0	0	0	1	2	1	1	2	1	2	2	3	2	5	1	1	2	1	3	5	5	5	5	Non-Target
153.000000	18	2.70	-2.00	4	8	3	1	4	3	4	0	0	0	5	2	1	1	2	1	2	2	3	2	5	1	4	2	3	3	2	5	2	5	Non-Target
147.000000	10	10.40	-2.00	5	6	0	0	9	3	4	0	0	0	5	2	1	1	2	1	2	2	2	5	1	5	5	5	5	5	5	5	2	1	Non-Target
147.000000	20	9.50	-2.00	8	5	2	1	4	3	3	1	0	0	5	2	1	1	2	1	3	2	5	4	1	1	1	2	1	3	5	5	2	1	Non-Target
141.000000	16	4.50	-2.00	5	6	4	0	5	3	3	1	0	0	5	2	1	1	2	1	3	2	3	2	1	5	5	2	3	3	2	5	5	1	Non-Target
142.000000	18	7.30	-3.60	6	7	2	1	4	2	4	0	0	1	5	5	2	2	2	1	1	2	1	1	5	2	5	3	2	1	4	2	1	3	Non-Target
141.000000	17	5.20	-3.60	5	9	1	1	4	2	4	0	0	1	1	5	2	2	2	1	1	2	1	3	5	2	2	5	2	4	2	1	2	5	Non-Target
147.000000	16	6.42	-2.00	6	6	4	1	3	3	3	1	0	0	5	2	1	1	2	1	2	3	2	4	1	1	1	2	3	3	2	5	3	5	Non-Target
142.000000	9	10.50	-2.00	3	6	3	0	8	3	4	0	0	0	5	2	1	1	2	1	2	2	3	3	5	5	5	5	5	5	2	2	3	5	Non-Target
157.000000	18	8.60	-2.20	7	8	1	1	3	3	3	1	0	0	5	3	1	1	2	1	2	2	2	2	1	1	5	4	1	1	2	2	2	5	Non-Target
143.000000	10	5.09	-0.10	3	5	3	0	9	3	4	0	0	0	3	2	1	1	2	2	2	1	3	5	2	5	5	5	5	5	5	3	5	5	Non-Target
144.000000	19	3.40	-1.20	5	8	3	0	4	3	3	1	0	0	2	2	1	1	2	3	2	1	5	1	2	5	5	2	2	5	1	3	3	2	Non-Target
163.000000	18	10.30	-0.10	4	8	5	0	3	3	4	0	0	0	3	2	1	1	2	2	2	1	3	5	2	1	5	2	2	2	3	3	3	5	Non-Target
144.000000	17	4.30	-1.20	6	7	3	1	3	3	3	1	0	0	3	2	1	1	2	3	2	1	4	2	1	2	1	5	2	2	5	1	5	3	Non-Target
158.000000	17	3.90	-0.10	4	9	2	0	5	3	4	0	0	0	2	2	1	1	2	2	2	1	3	5	2	1	2	5	2	5	3	2	5	5	Non-Target
144.000000	17	5.70	-0.10	6	6	1	1	6	3	4	0	0	0	3	2	1	1	2	2	2	1	4	1	5	1	5	5	2	5	1	2	5	5	Non-Target
155.000000	18	4.20	-1.20	6	7	4	0	3	3	3	1	0	0	3	2	1	1	2	3	2	1	3	1	5	1	5	2	2	2	3	2	1	5	Non-Target
143.000000	10	6.40	-0.10	3	5	2	0	10	3	4	0	0	0	5	2	1	1	2	2	2	1	3	5	2	5	5	5	5	5	3	5	5	5	Non-Target
148.000000	19	6.70	-1.00	6	10	2	0	2	2	3	1	0	1	5	2	1	5	2	3	2	1	2	1	2	1	2	2	2	2	1	3	1	2	Non-Target
152.000000	19	4.70	-1.20	5	8	4	0	3	3	3	1	0	0	3	2	1	1	2	3	2	1	3	1	2	5	2	5	2	2	3	5	1	2	Non-Target
160.000000	19	4.40	-0.10	3	11	0	0	6	3	4	0	0	0	5	2	1	1	2	2	2	1	5	5	2	5	2	2	2	2	5	2	5	2	Non-Target
152.000000	19	6.90	-1.70	4	10	1	0	5	2	4	1	0	0	5	2	3	1	2	2	2	1	2	1	2	1	5	2	2	5	5	2	5	2	Non-Target
160.000000	19	4.40	-0.10	3	11	0	0	6	3	4	0	0	0	5	2	1	1	2	2	2	1	5	5	2	5	2	2	2	2	5	2	5	2	Non-Target
152.000000	19	6.90	-1.70	4	10	1	0	5	2	4	1	0	0	5	2	3	1	2	2	2	1	2	1	2	1	5	2	2	5	5	2	5	2	Non-Target
152.000000	19	6.90	-1.70	4	10	1	0	5	2	4	1	0	0	5	2	3	1	2	2	2	1	2	1	2	1	5	2	2	5	5	2	5	2	Non-Target
142.000000	9	4.30	-0.50	3	7	2	0	8	3	4	0	0	0	5	1	1	2	2	2	1	2	5	2	5	5	5	5	3	3	5	2	5	2	Non-Target
140.000000	18	-2.10	-0.10	5	9	1	2	3	2	4	1	0	0	2	2	1	1	2	2	2	3	4	4	2	1	2	2	5	2	1	5	1	5	Non-Target
142.000000	13	-1.00	-0.10	5	6	2	2	5	3	4	0	0	0	3	2	1	1	2	2	2	1	4	2	1	4	1	2	5	5	5	5	3	5	Non-Target
142.000000	13	-1.00	-0.10	5	6	2	2	5	3	4	0	0	0	3	2	1	1	2	2	2	1	4	2	1	4	1	2	5	5	5	5	3	5	Non-Target
141.000000	8	-4.60	-0.10	4	6	2	0	8	3	4	0	0	0	2	2	1	1	2	2	2	1	3	5	5	1	5	5	5	5	5	2	3	5	Non-Target
145.000000	16	7.90	-0.90	3	8	3	0	6	2	5	0	0	0	2	2	2	2	2	1	1	2	5	5	3	5	5	2	1	2	3	5	3	5	Non-Target
155.000000	18	13.70	-2.10	8	4	2	0	6	4	3	0	0	0	5	2	1	1	1	1	2	2	5	2	3	5	5	1	1	3	1	5	1	5	Non-Target
145.000000	8	9.00	-2.10	6	5	3	0	6	4	3	0	0	0	1	2	1	1	1	1	2	2	2	5	5	3	3	5	1	5	3	5	5	2	Non-Target
155.000000	18	13.70	-2.10	8	4	2	0	6	4	3	0	0	0	5	2	1	1	1	1	2	2	5	2	3	5	5	1	1	3	1	5	1	5	Non-Target
145.000000	8	9.00	-2.10	6	5	3	0	6	4	3	0	0	0	1	2	1	1	1	1	2	2	2	5	5	3	3	5	1	5	3	5	5	2	Non-Target
144.000000	19	6.89	-3.20	7	6	3	0	4	3	3	1	0	0	1	2	1	3	1	1	2	2	5	2	3	5	2	5	1	2	1	5	1	3	Non-Target
157.000000	19	6.00	-2.10	8	6	1	2	3	4	3	0	0	0	5	2	1	1	1	1	2	2	5	3	2	5	2	4	4	1	1	2	1	1	Non-Target
148.000000	19	5.50	-2.00	10	4	3	2	1	4	2	1	0	0	5	2	1	1	1	1	2	3	4	3	2	1	4	1	1	2	1	1	1	3	Non-Target
147.000000	10	11.10	-2.10	5	5	1	0	9	4	3	0	0	0	1	2	1	1	1	1	2	2	5	2	2	5	5	5	5	5	3	5	5	5	Non-Target
144.000000	16	9.30	-2.10	7	6	1	1	5	4	2	0	0	1	5	5	1	1	1	1	2	2	5	2	2	4	3	2	1	1	2	1	5	5	Non-Target
144.000000	16	9.30	-2.10	7	6	1	1	5	4	2	0	0	1	5	5	1	1	1	1	2	2	5	2	2	4	3	2	1	1	2	1	5	5	Non-Target
144.000000	18	9.60	-2.00	8	5	2	2	3	4	2	1	0	0	5	2	1	1	1	1	2	3	5	4	4	3	2	1	2	1	1	2	1	5	Non-Target
141.000000	19	14.10	-2.10	8	6	2	2	2	3	3	1	0	0	1	2	3	1	1	1	2	2	5	5	2	3	2	1	1	4	4	1	1	2	Non-Target
141.000000	14	10.40	-2.10	5	6	3	1	5	3	3	1	0	0	5	2	3	1	1	1	2	2	4	2	2	3	1	2	1	5	5	3	5	5	Non-Target
140.000000	17	6.60	-2.00	8	4	2	1	5	4	2	1	0	0	5	2	1	1	1	1	2	3	2	5	5	1	3	4	1	1	2	1	5	5	Non-Target
140.000000	16	8.80	-2.50	8	6	0	1	5	4	2	0	0	1	1	5	1	1	1	1	2	2	5	2	2	1	4	2	1	5	2	1	5	5	Non-Target
140.000000	19	8.10	-2.00	8	4	4	0	4	4	2	1	0	0	1	2	1	1	1	1	2	3	5	3	5	1	3	5	1	2	3	5	1	2	Non-Target
143.000000	18	5.30	 0.00	2	11	3	0	4	2	3	2	0	0	5	1	2	3	2	3	1	2	2	2	5	2	3	2	2	5	2	2	2	5	Non-Target
142.000000	16	5.80	-2.00	0	13	2	0	5	0	5	1	0	1	5	5	2	2	2	2	3	2	2	5	3	2	2	2	2	2	2	2	5	5	Non-Target
140.000000	22	5.60	-1.40	2	12	1	4	1	1	5	1	0	0	5	1	2	2	2	2	3	2	4	2	2	4	4	1	2	2	2	4	2	2	Non-Target
